100
7 6 6 6 5 5 4 3 3 1 

8 6 6 3 2 2 2 1 0 0 

9 9 9 7 5 3 3 2 1 1 

9 9 7 7 6 6 5 5 3 0 

9 7 5 5 3 2 2 1 0 0 

9 9 8 6 5 4 3 1 1 1 

9 9 9 8 7 6 6 3 1 0 

9 7 5 4 3 3 2 2 1 1 

8 7 5 5 3 2 2 2 2 1 

9 8 6 6 4 4 3 3 2 0 

9 8 7 7 6 4 2 2 1 0 

8 8 7 7 4 3 2 0 0 0 

7 7 7 6 5 4 4 2 1 0 

8 6 6 5 5 3 1 1 0 0 

9 8 8 6 6 4 4 3 1 0 

7 7 7 7 6 5 4 3 2 0 

9 9 8 6 5 4 2 2 0 0 

9 9 7 6 6 4 3 2 0 0 

9 8 7 7 7 5 3 2 0 0 

9 9 8 6 6 2 2 2 1 0 

5 4 4 3 2 2 2 2 1 1 

9 8 6 6 5 4 3 1 1 0 

9 8 8 8 7 6 4 2 1 0 

6 5 4 4 3 3 2 1 1 0 

9 8 6 6 5 5 4 4 3 1 

7 6 3 3 3 3 2 0 0 0 

8 8 6 5 5 4 4 4 3 0 

9 7 7 6 6 5 3 2 1 0 

8 7 7 4 4 3 2 2 1 0 

9 8 6 6 5 4 3 2 2 1 

9 9 9 6 5 5 3 2 1 0 

9 7 7 4 4 3 2 2 1 0 

8 8 8 7 6 5 5 4 2 2 

9 8 7 7 6 5 4 1 1 0 

9 8 6 4 3 3 3 2 0 0 

9 9 9 7 4 3 3 2 0 0 

9 7 7 6 5 2 1 1 1 0 

9 7 6 5 4 3 1 1 1 0 

8 7 7 7 5 5 4 4 4 1 

9 8 7 7 5 5 3 3 2 0 

9 8 7 7 7 6 5 4 1 1 

7 6 5 5 4 4 2 2 2 2 

7 6 6 6 4 3 2 1 1 0 

8 8 8 8 5 4 3 2 1 0 

9 6 5 5 3 3 2 1 1 1 

9 7 6 5 3 2 1 1 1 0 

9 9 8 7 5 4 2 1 1 0 

8 7 6 5 3 3 3 2 2 0 

9 7 6 5 5 5 3 2 2 1 

9 9 8 8 7 6 4 3 3 1 

9 9 7 7 6 5 4 3 3 0 

8 8 5 5 3 3 2 1 0 0 

9 9 9 7 6 4 4 4 1 0 

7 7 6 5 4 4 3 1 1 0 

9 8 7 7 6 4 2 2 1 0 

8 7 7 7 5 4 3 3 2 1 

9 9 9 8 8 8 6 2 1 0 

9 8 8 8 7 3 3 3 1 0 

8 8 8 7 6 4 2 1 0 0 

9 9 7 6 4 3 3 2 0 0 

8 6 6 6 4 4 3 3 3 1 

8 8 6 4 4 3 2 2 1 0 

9 8 7 7 7 5 4 3 2 0 

9 9 8 8 7 7 2 1 1 0 

7 6 3 2 1 1 0 0 0 0 

8 8 7 7 7 7 2 2 2 0 

7 7 6 6 6 5 2 2 2 1 

8 7 6 4 4 4 4 3 0 0 

9 8 7 7 6 2 2 1 1 1 

9 7 6 5 4 3 2 2 1 1 

8 8 7 7 6 5 5 5 2 0 

9 9 8 6 4 3 2 1 0 0 

9 9 8 7 6 6 6 5 3 2 

9 7 7 7 7 6 5 4 2 0 

8 8 7 5 5 5 3 2 2 0 

9 8 7 4 3 2 1 1 0 0 

9 9 9 8 8 7 6 3 3 2 

8 8 8 8 5 5 5 2 2 0 

9 9 9 8 8 7 7 4 2 1 

9 8 6 6 5 5 2 1 0 0 

9 9 7 5 4 3 3 1 0 0 

9 9 7 7 6 3 1 1 1 0 

9 7 5 4 3 3 2 2 1 0 

9 9 9 8 7 6 5 2 1 0 

9 9 9 9 9 3 1 1 0 0 

9 8 8 6 6 4 3 3 1 0 

9 8 7 7 5 5 4 3 2 1 

6 6 6 4 4 4 4 3 2 1 

6 5 5 4 4 2 1 0 0 0 

7 5 3 2 1 0 0 0 0 0 

9 9 7 7 6 6 2 1 1 1 

7 6 5 5 4 3 3 1 1 0 

9 7 7 6 5 5 3 1 0 0 

8 6 6 6 3 2 1 1 0 0 

9 9 9 7 4 3 2 2 2 1 

9 8 7 7 7 5 3 2 1 1 

9 8 8 8 5 3 2 1 1 1 

9 7 7 7 6 5 5 4 3 3 

9 7 7 6 5 5 5 3 2 1 

9 6 6 5 5 4 4 2 2 1 

