10000 
8949 
8910 
795 
3004 
6942 
5149 
2251 
5089 
3297 
1406 
1131 
7332 
3749 
5470 
13 
5698 
2240 
418 
3854 
6212 
2933 
3455 
780 
8550 
5237 
6265 
9586 
6130 
7281 
5265 
8692 
8462 
3921 
2304 
8059 
2423 
4035 
8365 
2902 
2604 
5341 
3738 
4958 
1683 
5827 
5163 
2485 
1409 
7921 
6268 
3188 
8768 
1616 
3255 
4496 
8801 
3731 
7229 
1022 
1565 
51 
4067 
4613 
4955 
9620 
6833 
7955 
2977 
1609 
2312 
3885 
7524 
6875 
367 
2506 
960 
6164 
8007 
3820 
3873 
5615 
4345 
5061 
8986 
2576 
6517 
758 
9508 
911 
8371 
1230 
7434 
5453 
3386 
2061 
6315 
9916 
8845 
8897 
8694 
4208 
2429 
4124 
5717 
7000 
5502 
5119 
8001 
355 
2258 
1217 
939 
7636 
8264 
1419 
4675 
7945 
3220 
4214 
2608 
4852 
3890 
3825 
3603 
815 
3145 
8594 
4288 
5950 
3814 
7259 
8631 
3315 
382 
8570 
8877 
1649 
7265 
2760 
2741 
6360 
4523 
5295 
2823 
5426 
8663 
5073 
5371 
9426 
4520 
6086 
1591 
531 
5377 
4085 
9080 
7832 
8390 
8339 
8797 
2490 
5018 
5641 
2142 
3176 
7912 
6001 
5429 
3611 
927 
9068 
1690 
2806 
6019 
6409 
1556 
4716 
7495 
5764 
9169 
9554 
417 
4442 
4784 
4756 
2170 
3279 
7321 
3976 
6562 
5382 
7723 
6819 
9539 
753 
8899 
9183 
468 
8332 
1553 
9066 
1379 
5575 
2121 
4839 
1906 
9879 
8164 
1302 
6560 
1701 
6458 
9209 
9161 
30 
9051 
4135 
2169 
4094 
1568 
3022 
9086 
4667 
1463 
2786 
5129 
7842 
4692 
7532 
8025 
5940 
9228 
8980 
7483 
6807 
522 
4795 
8946 
7235 
5021 
3767 
3356 
8086 
6447 
868 
1943 
8830 
4239 
3201 
807 
8853 
5713 
3916 
3920 
5785 
4220 
6280 
878 
237 
361 
3097 
7219 
642 
4026 
5062 
3596 
1324 
4268 
3599 
8921 
5217 
4518 
8832 
9249 
4096 
1799 
2208 
6780 
9498 
7909 
5614 
1534 
9609 
120 
6092 
7459 
4098 
5136 
8485 
2295 
5934 
7585 
6568 
5215 
3601 
4721 
6367 
7177 
1760 
9947 
3807 
1289 
6362 
4720 
9089 
998 
9195 
9671 
9887 
1567 
9481 
5993 
4619 
6519 
719 
7455 
5348 
770 
1095 
1205 
115 
2698 
9511 
1029 
1981 
4047 
6151 
7970 
2510 
2897 
9093 
6037 
8716 
1524 
5146 
6115 
5197 
6175 
9351 
4687 
3347 
1663 
850 
6104 
1890 
4254 
9984 
8604 
3931 
2769 
9197 
5478 
4257 
6004 
4312 
9040 
8467 
7606 
2229 
7913 
7319 
2972 
9235 
4498 
6526 
1031 
4877 
8213 
268 
1401 
5365 
1820 
7343 
3142 
821 
7918 
2487 
5381 
7018 
9002 
769 
2484 
5723 
8280 
902 
3643 
6512 
9608 
698 
5025 
8815 
4273 
5877 
5804 
5847 
258 
6688 
4638 
8055 
9838 
6255 
2029 
9431 
934 
6141 
7301 
7199 
9862 
2678 
6256 
4495 
4467 
3955 
3990 
2382 
3573 
5046 
2670 
7690 
4439 
8232 
7826 
4700 
8245 
2435 
1058 
4629 
7622 
4137 
8334 
3189 
6632 
5051 
5609 
1842 
3953 
7567 
4280 
3101 
4211 
1016 
7430 
4368 
6232 
1214 
1344 
5445 
8776 
705 
7292 
3449 
4389 
62 
8321 
7644 
2447 
1984 
9733 
6192 
5353 
290 
1413 
4792 
1596 
6325 
4080 
8689 
2442 
2403 
5030 
6599 
492 
3124 
677 
8598 
2225 
4088 
7276 
6312 
1190 
9108 
797 
4969 
5452 
2720 
3892 
5413 
1394 
3755 
4871 
2177 
8588 
695 
9580 
32 
1433 
3394 
9944 
6334 
8551 
7759 
5140 
9676 
5261 
3720 
9579 
4071 
6567 
7628 
810 
1601 
9662 
1301 
6014 
5172 
8338 
4486 
9969 
8368 
8295 
9500 
4136 
873 
5161 
1764 
5960 
5192 
9276 
1507 
7214 
5591 
7729 
9773 
3411 
4580 
8752 
8330 
3349 
6748 
7867 
6152 
1378 
738 
5752 
4824 
2011 
140 
7658 
8113 
408 
6109 
872 
6059 
764 
9795 
8063 
6463 
699 
9495 
1844 
6843 
3073 
3848 
1236 
8547 
4822 
4988 
5027 
5511 
8907 
5347 
3282 
2220 
2160 
7048 
5303 
5251 
8090 
1296 
2016 
6694 
8307 
837 
380 
8514 
3382 
8904 
6000 
2832 
7662 
9830 
4283 
5821 
2985 
2124 
5664 
3214 
1586 
9728 
8065 
4530 
4640 
2129 
216 
195 
9090 
4500 
245 
6919 
3377 
2070 
7304 
2007 
8781 
8715 
6728 
2460 
709 
1288 
7864 
3343 
45 
3363 
2532 
4864 
3555 
9578 
5654 
4641 
1959 
5674 
9472 
2012 
4212 
908 
657 
9026 
5888 
8022 
6770 
8434 
8687 
87 
2628 
2424 
9238 
4666 
8863 
5302 
2553 
3721 
4549 
7783 
1381 
9011 
5063 
4754 
4594 
2489 
3380 
7408 
251 
8926 
3590 
377 
7680 
386 
7374 
5249 
8593 
7905 
3505 
3031 
5245 
4317 
6865 
5552 
9615 
6716 
8745 
1650 
1602 
1285 
2746 
5770 
7198 
2056 
1784 
2338 
5758 
3792 
4761 
8267 
5352 
6298 
3352 
5367 
5663 
879 
7801 
7339 
2311 
6483 
8956 
9914 
2846 
25 
437 
7298 
6122 
1165 
3458 
7546 
5623 
9230 
3593 
4003 
9429 
5178 
2242 
7833 
4335 
9723 
9659 
4339 
8930 
4449 
7943 
3305 
4859 
9523 
8717 
3894 
4388 
4684 
4997 
1785 
7639 
9065 
6450 
5475 
2214 
3615 
5555 
4302 
5263 
0 
5918 
8552 
7813 
3250 
961 
5548 
2538 
9164 
686 
3541 
6564 
979 
6972 
5050 
9006 
7208 
7269 
3208 
9881 
4834 
1306 
5507 
5736 
8818 
9600 
7049 
5577 
9956 
4945 
6466 
5423 
8677 
1934 
4694 
9569 
6404 
7745 
557 
3857 
7859 
3954 
357 
3057 
9871 
2516 
9441 
8846 
6873 
6390 
6533 
1454 
8869 
6006 
4843 
6966 
683 
6433 
9009 
1909 
3730 
3614 
8595 
4547 
8306 
6803 
7357 
5450 
2558 
5001 
8259 
3728 
9976 
1284 
4896 
124 
6314 
7443 
8038 
8779 
5592 
1275 
170 
3460 
5947 
7756 
9999 
2672 
9877 
614 
4783 
589 
1074 
9436 
9403 
5962 
3862 
238 
7365 
3672 
3729 
4987 
782 
7010 
3070 
4127 
6832 
4870 
6638 
5999 
9793 
6282 
1732 
2821 
8698 
1316 
2282 
1651 
6161 
3860 
7591 
9970 
6372 
8490 
8644 
5428 
6464 
4788 
6644 
4541 
5805 
2071 
8392 
6965 
8020 
707 
7946 
4565 
2731 
8804 
5672 
2024 
1489 
7050 
5188 
4601 
9326 
6787 
5067 
7352 
6927 
7590 
1920 
9200 
7389 
6094 
8227 
3918 
1571 
1625 
1479 
487 
4262 
5968 
7802 
3186 
2441 
267 
1375 
1746 
2108 
6296 
7808 
3390 
1399 
9966 
2003 
7412 
6481 
8110 
3456 
9324 
2747 
7954 
3711 
863 
9792 
4024 
6335 
4436 
2120 
2058 
6718 
509 
8419 
6967 
9964 
3490 
6628 
4325 
6474 
206 
7307 
6824 
1940 
6814 
6079 
3557 
5446 
2115 
9647 
8859 
4187 
7211 
623 
8521 
6690 
4923 
4418 
8750 
5116 
6506 
1373 
4118 
9583 
1627 
952 
9434 
5481 
5419 
598 
4125 
9813 
5299 
4369 
2843 
9437 
8385 
9287 
3913 
2866 
5258 
9266 
5599 
5128 
43 
6549 
5995 
1647 
9547 
5973 
9760 
7012 
8266 
4963 
1472 
4263 
7428 
8216 
3150 
6707 
8607 
3647 
4150 
8456 
4489 
9177 
385 
3788 
8478 
3432 
3362 
2500 
1367 
2466 
3261 
2366 
5458 
9453 
3540 
4735 
678 
8461 
3457 
8648 
6202 
6697 
3312 
6650 
1733 
4162 
8101 
6239 
8769 
1269 
5271 
2947 
1342 
9028 
2841 
7600 
2344 
9995 
3204 
1237 
2549 
3509 
6475 
1624 
4332 
1364 
848 
5967 
7266 
5210 
8269 
3882 
1758 
6545 
9267 
3274 
9717 
3427 
7052 
5628 
1543 
6667 
1308 
3831 
6240 
5976 
4147 
735 
9196 
5096 
6674 
6289 
3727 
2236 
6457 
4808 
443 
6744 
1112 
3165 
3877 
6267 
4141 
6892 
4505 
994 
1210 
596 
689 
648 
3231 
1740 
5977 
7737 
3330 
1995 
851 
3412 
4487 
5206 
7797 
9156 
8817 
6286 
6800 
6894 
4193 
2076 
5991 
6237 
9425 
5699 
6859 
5622 
3849 
4184 
8539 
7482 
759 
413 
2396 
3839 
4104 
3797 
524 
3252 
2211 
1006 
9684 
2401 
3684 
930 
6062 
9933 
2629 
7748 
1563 
6722 
5144 
7886 
7142 
4976 
7410 
7742 
9513 
7774 
5714 
8234 
6739 
4149 
5406 
6985 
6341 
4622 
6495 
4636 
5857 
9857 
8122 
2652 
6806 
2842 
2010 
5230 
8800 
1265 
2892 
296 
5306 
4712 
9356 
3113 
5033 
5510 
2232 
6801 
1595 
3991 
6850 
5363 
5080 
6761 
7397 
6083 
4633 
3333 
347 
714 
7143 
1857 
7971 
4018 
2697 
4554 
1536 
1111 
4456 
9298 
1870 
6760 
6310 
8297 
3166 
7616 
4154 
6106 
2395 
1258 
4106 
1244 
4794 
1523 
261 
6003 
9308 
6595 
2819 
635 
7451 
2519 
7881 
7497 
613 
9979 
2081 
9474 
7351 
2091 
4837 
3646 
7898 
5559 
2184 
5284 
3670 
4243 
1283 
2354 
8532 
7311 
8451 
6528 
7641 
7238 
8640 
4714 
2595 
9421 
4405 
4596 
7538 
8602 
7806 
7818 
7189 
875 
4826 
2574 
3471 
5586 
1876 
1497 
6936 
1554 
2710 
4755 
8369 
3761 
5955 
9222 
4878 
9577 
4900 
6895 
2912 
1392 
8375 
2140 
3846 
100 
8379 
6020 
8358 
5344 
9147 
6501 
8360 
7386 
7460 
4699 
4253 
8586 
2515 
7617 
3288 
7115 
2690 
5569 
3666 
8457 
1332 
2275 
6878 
3565 
1083 
988 
7702 
9408 
9137 
5278 
2895 
6714 
2427 
130 
933 
3796 
5905 
7074 
3830 
6467 
6610 
9078 
739 
5017 
7936 
3212 
1266 
6522 
6689 
4701 
6612 
8989 
9217 
4398 
7045 
855 
9059 
3283 
916 
6789 
3389 
2907 
9981 
7381 
6436 
967 
4971 
415 
4078 
500 
4574 
1047 
5471 
6830 
7792 
7481 
8408 
895 
3639 
4603 
5916 
5250 
9346 
8682 
9520 
3580 
6121 
2787 
3289 
6368 
8502 
2302 
2695 
7417 
2868 
7903 
7952 
8095 
883 
2388 
4403 
7369 
4954 
1652 
3532 
8331 
8236 
6284 
829 
8609 
803 
2158 
6613 
4030 
9187 
7501 
9842 
6974 
9247 
627 
5202 
1801 
9618 
7093 
5 
3582 
4665 
6157 
2554 
1950 
7836 
7798 
5832 
4009 
2197 
7433 
6295 
6497 
1511 
5355 
8963 
4889 
8085 
9043 
726 
9532 
4759 
1549 
9099 
3480 
4307 
5229 
9318 
3783 
9373 
2047 
2878 
9568 
203 
3645 
7112 
4392 
5389 
8034 
1019 
6544 
1880 
9564 
9557 
6143 
9385 
8774 
8455 
2305 
2153 
4768 
4631 
763 
9444 
7596 
5587 
4480 
455 
8282 
6589 
3369 
7457 
8831 
8203 
6976 
3348 
4121 
7187 
1828 
2082 
8760 
2368 
4790 
9201 
4188 
9415 
6229 
6171 
6428 
1032 
9598 
8155 
7769 
8787 
4426 
1142 
8507 
5697 
6893 
6666 
4006 
6365 
928 
6470 
7579 
1363 
8362 
9602 
4394 
5929 
9139 
2481 
1028 
1656 
4000 
9392 
4081 
9537 
8509 
4660 
4696 
404 
1575 
191 
1009 
1541 
2732 
9219 
136 
6992 
2605 
2835 
3234 
2356 
3977 
7712 
6205 
7560 
4654 
2439 
7385 
3981 
169 
2568 
1958 
5151 
7280 
1036 
4717 
1116 
379 
2426 
4287 
3579 
9772 
1935 
2410 
4372 
1662 
1480 
8683 
7453 
2077 
9154 
989 
1133 
5155 
5676 
3062 
6696 
6473 
1256 
3240 
2055 
6067 
2008 
6388 
1005 
5862 
9416 
9946 
9636 
8553 
2775 
641 
2921 
9502 
5963 
4524 
9263 
673 
3092 
8827 
6939 
7807 
8999 
9231 
6189 
9262 
5846 
4705 
3393 
2992 
8147 
2810 
9236 
3428 
8748 
5007 
104 
5059 
8352 
8073 
4849 
1702 
3769 
297 
8755 
3174 
4874 
564 
6797 
7884 
9152 
7688 
7766 
4760 
661 
7706 
7159 
478 
9738 
793 
3106 
5304 
4597 
9121 
7862 
2448 
5907 
6724 
1458 
9407 
6072 
903 
6241 
344 
4445 
300 
3847 
533 
1143 
7972 
6384 
9685 
2187 
4281 
7548 
6484 
4427 
8918 
8578 
3914 
1441 
6425 
6370 
6822 
1914 
6731 
5439 
9442 
1531 
4065 
5840 
2342 
7966 
7730 
2045 
7181 
8468 
5056 
7719 
2292 
5266 
8275 
6490 
4697 
7516 
5949 
8848 
4611 
4897 
2381 
3116 
974 
6406 
6723 
4537 
3572 
2379 
4646 
8487 
7486 
8363 
4558 
1333 
4791 
1149 
6348 
7530 
8919 
5789 
8139 
7218 
8372 
7278 
9635 
7709 
1156 
6357 
1051 
4204 
2530 
7751 
8035 
9561 
2983 
7614 
3339 
4099 
9060 
8916 
7637 
3417 
7461 
4853 
3172 
8221 
7053 
3563 
1366 
987 
9714 
2862 
5643 
2853 
8912 
1508 
9536 
7739 
2327 
9155 
7100 
8228 
1577 
1264 
8420 
584 
5927 
8794 
667 
9384 
9042 
858 
1805 
3499 
3586 
701 
9639 
5183 
9457 
3904 
2589 
6527 
2625 
2300 
7670 
3751 
7432 
3968 
9878 
5803 
6043 
8653 
2807 
3168 
8967 
7354 
1572 
5451 
9603 
1072 
2998 
6364 
5322 
6329 
6413 
8991 
3354 
2957 
3874 
1347 
7799 
536 
3488 
1605 
3699 
9270 
4052 
3000 
3479 
7747 
1646 
9483 
5848 
1832 
8958 
7464 
9353 
1015 
8733 
5700 
7990 
4356 
1975 
5222 
4415 
3163 
6118 
5332 
434 
704 
7400 
4764 
5665 
5617 
6711 
3697 
1674 
3634 
8255 
5576 
1424 
9670 
818 
6975 
1257 
2752 
3152 
2174 
7080 
6100 
5422 
9560 
5512 
3518 
7233 
8704 
9165 
9849 
5743 
3543 
2095 
4391 
3559 
3887 
4936 
172 
7060 
6385 
9623 
5633 
5243 
8138 
6669 
2639 
5525 
5424 
7800 
6732 
8783 
6198 
3459 
8616 
315 
2989 
2317 
4752 
7504 
4247 
175 
5593 
5518 
5058 
7272 
6581 
9172 
2683 
8194 
8290 
7711 
8175 
7494 
8642 
7605 
8753 
8000 
6588 
6248 
6350 
9370 
9202 
8947 
8428 
5849 
3850 
7615 
6886 
2488 
3745 
3693 
392 
4295 
3871 
5103 
5189 
8481 
8238 
5997 
9882 
2543 
5087 
8587 
6541 
2390 
4471 
535 
6110 
7667 
3826 
7398 
3054 
2910 
8535 
1090 
5228 
5186 
1930 
1720 
6826 
1762 
4935 
4608 
864 
3710 
7556 
2032 
3585 
9237 
5679 
2950 
4386 
4951 
388 
8425 
514 
3202 
6477 
2118 
9390 
310 
3353 
5043 
3840 
518 
9724 
2642 
7776 
6415 
8483 
7186 
841 
9861 
2250 
283 
8443 
1180 
5345 
3962 
397 
8870 
8913 
2147 
3372 
1432 
8795 
8813 
1478 
7148 
7735 
9401 
9221 
8943 
4651 
6429 
1773 
3302 
5738 
9962 
6338 
9923 
383 
7005 
8304 
7183 
7874 
4572 
469 
8508 
3633 
619 
8519 
7505 
1174 
280 
1672 
3251 
5839 
1056 
605 
2156 
5327 
76 
200 
7245 
4 
4364 
4942 
3284 
4693 
3592 
4609 
8364 
8911 
4447 
8229 
9784 
953 
7126 
8584 
1038 
9022 
3712 
7078 
7284 
8310 
442 
2096 
4635 
8351 
5979 
7882 
1102 
7368 
2744 
8729 
424 
7077 
5273 
395 
4203 
5691 
4644 
2880 
9519 
3659 
7931 
1793 
4861 
6994 
7656 
6223 
4846 
565 
2175 
6096 
697 
3047 
6245 
4037 
3032 
7850 
4962 
3470 
3694 
67 
6471 
3378 
590 
2680 
3978 
6655 
9023 
6835 
8938 
4072 
6460 
7584 
1557 
8079 
2525 
4746 
4277 
9719 
5372 
6944 
4019 
4581 
5925 
2560 
1252 
1322 
9876 
9709 
6154 
9734 
6844 
1320 
1840 
2408 
2616 
4087 
1337 
794 
9739 
3768 
3900 
7273 
609 
6802 
9030 
3379 
63 
7420 
5469 
7038 
4057 
8148 
3889 
548 
8927 
3258 
2099 
5350 
3222 
3177 
1521 
4132 
559 
626 
5234 
3337 
6034 
2294 
6383 
886 
2719 
5045 
5015 
2038 
5443 
4049 
6926 
9344 
9438 
7854 
2783 
4691 
8399 
2264 
2377 
9032 
5762 
9551 
4802 
5930 
1691 
9864 
8548 
2687 
7942 
1891 
6845 
4411 
5887 
221 
7302 
482 
4662 
7473 
3883 
9095 
2885 
7073 
505 
5933 
8386 
5539 
9660 
3075 
6343 
1465 
7396 
6200 
9406 
7609 
44 
7512 
3802 
9729 
1584 
9851 
5173 
6351 
1970 
9798 
4041 
8488 
3545 
5168 
6061 
2504 
3287 
6657 
6964 
6029 
2795 
2967 
2569 
4267 
2188 
4956 
2798 
4105 
9845 
8575 
5694 
861 
8964 
5131 
8765 
9153 
6053 
6871 
1686 
3410 
4207 
9368 
1929 
8882 
1175 
828 
3244 
7823 
9422 
6920 
3136 
9215 
2794 
3245 
7167 
3765 
7144 
6555 
1874 
4703 
8413 
7088 
5242 
2830 
1076 
2293 
3575 
471 
4515 
7762 
3239 
8865 
6776 
4338 
86 
3359 
6249 
7851 
7796 
5339 
1177 
7416 
4718 
3896 
474 
4199 
5491 
9804 
9255 
1642 
8968 
3683 
9552 
9000 
7309 
3530 
3971 
6316 
3190 
9159 
7722 
5272 
3624 
3876 
1555 
3591 
1772 
5039 
1636 
9185 
4526 
8397 
6421 
3707 
7935 
3345 
6725 
2681 
9239 
6672 
2949 
3395 
6437 
2591 
3629 
3947 
9398 
9259 
2037 
5564 
7500 
3538 
9514 
9391 
2790 
2640 
4904 
4829 
185 
1974 
3801 
2386 
834 
1620 
4161 
7411 
808 
2822 
6147 
4346 
7948 
5340 
1481 
1468 
4800 
1148 
9454 
9509 
139 
8868 
9387 
3709 
7140 
8730 
1348 
8464 
4602 
1956 
8391 
6231 
5981 
2891 
2052 
8283 
566 
4361 
8183 
6846 
391 
4195 
9531 
6273 
8316 
2165 
8376 
1166 
4984 
9930 
665 
5854 
4527 
7447 
6554 
4610 
7308 
8067 
3620 
330 
4535 
2194 
5669 
9695 
8978 
7437 
7937 
9307 
7725 
8646 
1224 
749 
1462 
6646 
9640 
3254 
88 
8072 
3100 
1418 
3341 
1130 
1597 
1587 
7439 
3965 
6645 
8088 
7528 
4298 
1945 
1898 
1657 
6766 
6287 
4379 
8566 
8854 
1305 
6677 
7016 
9117 
4628 
6730 
8522 
8250 
4320 
4250 
881 
7733 
4310 
6523 
2031 
6604 
5286 
5642 
2139 
4054 
9087 
1916 
3023 
1611 
7267 
2850 
3065 
6098 
8711 
2609 
9234 
6605 
2940 
9826 
5384 
9369 
2927 
6021 
9214 
9070 
5753 
9389 
7092 
4543 
5554 
5912 
410 
7116 
2913 
767 
3997 
9150 
1327 
2276 
7427 
4181 
6301 
8903 
8469 
4114 
9702 
7963 
9982 
8506 
6076 
3550 
2565 
603 
5800 
4097 
1635 
1440 
3741 
6982 
3009 
7223 
1108 
4621 
1856 
7426 
1520 
2394 
57 
4970 
6570 
8844 
8262 
1765 
9908 
7467 
8094 
9802 
8416 
4440 
2863 
394 
7329 
8450 
6142 
2004 
7525 
6658 
3604 
7973 
3406 
7953 
431 
4569 
842 
4920 
9145 
1276 
822 
4493 
9517 
7145 
7296 
8186 
6340 
1469 
7341 
7894 
5523 
5054 
3587 
847 
7032 
9277 
6762 
906 
6750 
2067 
1834 
2399 
1253 
5003 
3370 
2734 
2320 
9584 
2428 
186 
9648 
777 
8430 
9110 
1187 
3680 
2195 
1383 
8923 
4884 
4975 
915 
4191 
8204 
8475 
1127 
7821 
8136 
4459 
1726 
1715 
1887 
4301 
3808 
8239 
2700 
79 
5324 
2692 
2280 
3141 
5420 
1659 
1716 
3161 
2355 
8617 
5650 
9672 
796 
3682 
6500 
1467 
5035 
7572 
2322 
9021 
37 
6704 
9224 
4248 
1767 
904 
4075 
8474 
6811 
2725 
4598 
2261 
9372 
4809 
2905 
1851 
3064 
7696 
1753 
7478 
3663 
5531 
3489 
5115 
9371 
7674 
8605 
3829 
8327 
3870 
3517 
546 
8491 
6771 
4101 
8484 
2328 
8766 
8718 
8195 
3650 
6261 
8726 
8654 
164 
4328 
4227 
6176 
2537 
8747 
1931 
6397 
2655 
5075 
167 
1936 
1692 
3477 
6765 
8032 
1661 
5996 
8047 
4912 
8174 
273 
7264 
8925 
4811 
4658 
7063 
1763 
1340 
9566 
5662 
6262 
1579 
9573 
801 
1576 
5618 
3989 
5767 
7705 
3512 
9895 
4168 
8525 
4362 
2797 
8274 
4434 
9294 
3063 
3016 
3123 
9157 
3451 
9428 
299 
298 
8568 
5761 
8200 
7399 
9604 
9997 
6328 
4796 
3513 
6133 
7362 
7908 
6294 
1391 
3038 
6026 
6052 
8650 
7870 
5290 
6597 
3027 
2715 
5693 
3213 
7066 
5808 
6796 
9091 
1176 
1908 
8966 
8951 
3405 
4866 
9961 
8337 
8089 
9283 
2724 
7855 
8444 
4789 
5902 
2463 
3669 
6622 
6629 
6986 
2148 
4698 
9646 
8400 
7222 
7109 
3467 
3702 
3450 
3895 
5547 
5583 
5952 
4410 
390 
2935 
5031 
6876 
684 
5603 
4941 
4122 
6087 
2213 
9125 
5081 
7033 
7640 
129 
7240 
9732 
1404 
8432 
5677 
6856 
6117 
2512 
5850 
8151 
1505 
8117 
9129 
9260 
3789 
1445 
9814 
6898 
2199 
630 
924 
6156 
4319 
8017 
6914 
6783 
4616 
1226 
6332 
7549 
6778 
1771 
8359 
5405 
9478 
9775 
7677 
2827 
4139 
5720 
6353 
8254 
147 
2518 
1442 
3685 
398 
8872 
341 
4013 
9776 
4045 
376 
1787 
5292 
6030 
3869 
217 
6174 
4745 
8659 
5417 
3884 
1359 
2536 
9718 
7627 
4079 
2132 
5152 
9005 
7155 
7750 
1503 
241 
5589 
3151 
6676 
5269 
7303 
333 
6837 
8260 
8874 
2101 
4531 
2944 
7157 
5209 
8592 
4595 
4429 
3148 
8214 
7540 
6584 
7741 
1 
4143 
4917 
6970 
2713 
224 
6423 
4290 
6116 
339 
8528 
9708 
8613 
7998 
1580 
2749 
3120 
4390 
9063 
5843 
9171 
923 
6836 
6782 
3110 
4928 
1907 
4753 
493 
1297 
5220 
5852 
4331 
7324 
4171 
335 
7647 
1030 
9243 
327 
6877 
7595 
2100 
8544 
8909 
6810 
211 
4420 
5560 
9903 
877 
8596 
5379 
2939 
940 
1084 
6149 
5509 
2647 
513 
6903 
9105 
9680 
6928 
530 
8736 
9673 
1658 
7285 
400 
5834 
5565 
3651 
8081 
2150 
3281 
1088 
9753 
965 
8939 
7246 
6763 
389 
7804 
1023 
3936 
7101 
108 
8303 
8655 
8068 
9656 
5924 
2491 
7388 
2505 
8048 
2204 
985 
5948 
8990 
6885 
5880 
3421 
3416 
4736 
2349 
620 
7195 
7716 
8026 
374 
8984 
8208 
4825 
6285 
4490 
1118 
7373 
5354 
5319 
9768 
2266 
5410 
3324 
6275 
2524 
9327 
9971 
7700 
2699 
3864 
8410 
1551 
4932 
5651 
7215 
5533 
2497 
3162 
5619 
4625 
1623 
6691 
7001 
1055 
1437 
77 
6071 
7348 
6735 
4453 
8345 
2770 
2763 
9052 
7901 
5011 
35 
2736 
625 
479 
5777 
1146 
4647 
9020 
3273 
196 
792 
7916 
6664 
4807 
8619 
264 
4083 
8585 
948 
2888 
1220 
4056 
4321 
5427 
5329 
2726 
6163 
3098 
8637 
1965 
5430 
4771 
4464 
5917 
2421 
8728 
5106 
6208 
7462 
4797 
7448 
5442 
4446 
8096 
8396 
7279 
9765 
4340 
4351 
8638 
2318 
2995 
1847 
2331 
6382 
3726 
3917 
7465 
5435 
6374 
4011 
488 
8044 
9625 
8146 
3491 
8973 
4488 
3181 
7657 
4222 
5625 
1395 
7704 
6505 
4539 
8153 
5162 
4129 
8741 
5138 
6392 
6621 
93 
9853 
1294 
5401 
3608 
1429 
8935 
6207 
8864 
4311 
6220 
8043 
7312 
9242 
7192 
470 
8603 
9522 
6737 
2535 
6266 
2217 
4260 
4615 
1304 
7446 
9735 
7255 
610 
732 
9693 
9919 
6387 
6252 
453 
4885 
4550 
486 
9130 
3139 
6733 
3695 
7438 
7749 
401 
9544 
4291 
5958 
2959 
1886 
8004 
9186 
8749 
9176 
9148 
750 
1046 
6951 
9858 
4744 
7346 
3554 
3182 
3195 
2563 
8987 
2847 
6137 
9357 
1980 
396 
7493 
6269 
1291 
6410 
4252 
3447 
3042 
5004 
2621 
6687 
8427 
8851 
7562 
3160 
7781 
428 
7520 
1100 
1730 
7907 
6211 
1483 
5964 
7847 
3494 
5611 
6534 
132 
7927 
36 
9825 
5875 
7519 
9949 
7920 
2057 
3946 
2693 
8676 
7084 
6031 
8549 
3875 
9590 
8348 
2181 
6959 
4763 
7514 
7758 
6530 
8209 
7685 
1794 
1796 
1229 
3648 
2380 
7463 
9082 
3461 
6179 
3340 
3291 
5814 
5939 
2533 
6852 
1862 
9414 
5297 
7322 
6542 
3941 
3678 
8764 
2149 
6330 
4151 
1810 
3815 
7960 
9928 
4910 
5325 
8662 
7713 
8571 
8546 
2064 
1219 
4352 
402 
2762 
3583 
8140 
3475 
4173 
9655 
3762 
3983 
6032 
5922 
7652 
3175 
1496 
4479 
5638 
9469 
5373 
1977 
9926 
7318 
884 
4463 
1080 
4300 
2580 
141 
6692 
2980 
4123 
6478 
2237 
520 
5275 
7765 
1178 
823 
5464 
4131 
3105 
2993 
8808 
8010 
3939 
814 
7568 
8011 
8423 
8599 
6291 
4944 
89 
8335 
5508 
6631 
7853 
5740 
101 
2422 
5891 
407 
1150 
8725 
6660 
6281 
151 
3865 
7626 
7118 
1223 
256 
2782 
6641 
9644 
4895 
9321 
5311 
8261 
5890 
1336 
3861 
1425 
7334 
7423 
8014 
6422 
8878 
4588 
8322 
1473 
7379 
3266 
6596 
5497 
6768 
4206 
7968 
8822 
6752 
3722 
8541 
2206 
671 
4562 
5551 
3306 
6979 
3402 
4437 
6515 
2042 
2166 
8196 
2617 
1487 
1780 
3476 
7944 
5393 
5961 
5825 
9957 
1295 
8621 
3308 
6702 
9988 
2384 
2319 
4630 
2793 
5505 
9641 
5608 
4653 
5309 
9135 
6403 
8995 
1042 
4194 
90 
6309 
368 
6124 
359 
6619 
4886 
6449 
7917 
9747 
4251 
6140 
9974 
3747 
5036 
3925 
4816 
7981 
7691 
9297 
4739 
68 
8152 
8340 
1007 
9111 
9310 
8719 
1421 
9972 
7531 
1491 
2674 
1811 
7938 
7608 
4039 
7940 
778 
8742 
6162 
3055 
208 
5975 
496 
4983 
2709 
5549 
1757 
6102 
7507 
162 
2409 
4767 
8635 
7141 
529 
8962 
8993 
9417 
7124 
7773 
9123 
7083 
1021 
38 
2526 
1759 
8433 
6575 
7156 
5860 
5556 
4708 
6847 
9103 
8829 
5409 
7659 
8211 
5235 
6683 
7122 
7405 
9142 
6719 
1403 
27 
2063 
7071 
4905 
7790 
6853 
9767 
4953 
4741 
8516 
4090 
3334 
192 
9512 
7370 
8424 
178 
3154 
7377 
7492 
4326 
97 
464 
6373 
2065 
6961 
331 
6028 
962 
5267 
6400 
772 
6989 
173 
4552 
1989 
4343 
9850 
3129 
3387 
9710 
1194 
5530 
4314 
7323 
3508 
9959 
5689 
8169 
9631 
811 
61 
7021 
466 
1991 
3060 
5465 
8876 
9788 
4815 
5483 
4219 
1863 
6535 
7697 
7241 
662 
1200 
3225 
112 
156 
1670 
8373 
6874 
5782 
3602 
7635 
8326 
5741 
9634 
4979 
1727 
2598 
2286 
3299 
9681 
9896 
7173 
4575 
9317 
4804 
7277 
2735 
3413 
9924 
9173 
7291 
6636 
4330 
2675 
3503 
7885 
7761 
9427 
3292 
8049 
6060 
5635 
9012 
3795 
540 
8784 
5359 
2207 
6444 
843 
3099 
4713 
4164 
6507 
9968 
8190 
9479 
2817 
4676 
8887 
7597 
2814 
5437 
8381 
512 
6754 
4050 
8422 
3384 
6700 
4913 
2068 
7011 
1538 
7104 
3692 
7551 
8893 
6063 
9334 
5571 
7239 
6729 
6297 
1613 
5882 
6820 
3209 
1633 
9081 
7949 
1761 
4366 
1988 
2694 
2326 
3525 
2179 
375 
8106 
5733 
4599 
4421 
9731 
9612 
5540 
435 
6521 
3418 
2088 
4485 
9576 
8248 
9463 
2874 
7925 
9067 
2606 
7057 
9870 
6339 
7024 
4269 
3985 
135 
3111 
5487 
2969 
5124 
718 
1352 
8061 
5516 
2402 
2094 
3581 
7250 
3949 
1992 
4510 
7649 
8751 
5648 
6809 
9703 
4229 
5187 
7577 
8834 
9047 
3514 
5811 
660 
5730 
114 
7019 
9207 
2245 
5185 
5913 
6911 
6583 
7137 
4838 
8087 
145 
2573 
189 
4614 
1121 
5214 
6069 
1385 
813 
2900 
9278 
5775 
8124 
638 
3746 
6017 
7669 
9737 
9140 
856 
5071 
463 
6300 
5317 
3932 
12 
7574 
393 
8898 
9312 
329 
227 
308 
324 
7883 
7102 
3539 
1632 
3257 
5807 
4069 
284 
6046 
4305 
2 
7090 
5032 
255 
2411 
6569 
6932 
1879 
7895 
199 
8971 
8626 
6369 
756 
8459 
9756 
3571 
4587 
3719 
5798 
4821 
7816 
6038 
9815 
8284 
6455 
23 
366 
7810 
287 
8873 
8448 
353 
3600 
4606 
8105 
4709 
1782 
5709 
6864 
1883 
1490 
9664 
6511 
5019 
3996 
1079 
6749 
2193 
9036 
6734 
7510 
6443 
8601 
4245 
755 
2283 
3029 
1356 
3335 
9275 
6407 
8 
5473 
9064 
3068 
8632 
1125 
2528 
4968 
476 
3319 
477 
9085 
8625 
5566 
9138 
9335 
9050 
7391 
1933 
1477 
956 
6097 
8027 
7111 
4110 
1693 
1485 
9192 
8917 
3569 
3496 
9809 
4857 
1397 
4862 
6941 
1193 
9015 
7995 
8111 
3003 
6513 
7779 
3523 
2112 
399 
6153 
9354 
6913 
31 
5656 
4733 
1854 
4359 
3535 
247 
8809 
9025 
2578 
8661 
6984 
6937 
2159 
2527 
2869 
3040 
8933 
9484 
664 
1147 
9900 
4152 
1539 
3487 
5000 
5070 
2585 
3228 
1043 
4186 
4830 
4881 
2960 
5683 
8608 
7105 
4176 
4585 
9771 
2777 
9691 
4025 
4202 
8505 
5867 
2022 
3701 
515 
8189 
3346 
1167 
6182 
1494 
7683 
5568 
2151 
4201 
2721 
3238 
7170 
4507 
5680 
922 
3143 
4231 
5936 
8179 
6607 
4100 
9216 
7392 
7476 
9751 
4077 
2789 
5837 
9167 
6525 
5204 
839 
774 
2228 
9418 
1431 
1614 
66 
4813 
1196 
4422 
1493 
6701 
5750 
9094 
9592 
8855 
6659 
2271 
4502 
2803 
3756 
2262 
8812 
9506 
9302 
8833 
5318 
7819 
2009 
4130 
2404 
4276 
1354 
7366 
8700 
1519 
7316 
1096 
7034 
2034 
1532 
9448 
973 
4221 
4022 
5195 
8305 
3138 
3748 
3641 
4817 
7003 
2291 
2928 
3011 
3170 
5414 
3399 
6302 
8944 
4567 
2495 
3915 
523 
5605 
4216 
2808 
9271 
2043 
5574 
3691 
2483 
5335 
8948 
8388 
5528 
964 
146 
6418 
747 
5241 
9963 
2931 
1645 
8435 
2773 
2717 
5308 
4474 
1960 
9240 
8590 
4649 
9869 
1535 
7809 
323 
9144 
4438 
6695 
5725 
4842 
3758 
8441 
1942 
2750 
6139 
2393 
1488 
6755 
40 
8176 
8084 
5799 
6082 
8972 
5671 
3439 
9770 
6746 
5101 
6925 
7679 
7509 
5396 
876 
9597 
3497 
6924 
7736 
6075 
426 
9653 
1113 
4189 
1318 
6851 
3665 
6065 
1711 
198 
4241 
4377 
9225 
5298 
2333 
6759 
3438 
3184 
4091 
1594 
6799 
8426 
9151 
8883 
1853 
999 
6870 
4491 
5883 
152 
7754 
9913 
4111 
8317 
3171 
5894 
6717 
5416 
9863 
9716 
6930 
7484 
1747 
2001 
7929 
3074 
6253 
5921 
8013 
187 
5515 
5461 
8759 
8723 
8894 
2836 
7824 
7987 
775 
8574 
8915 
3658 
6246 
9251 
7175 
9683 
3676 
7976 
3122 
6538 
2686 
4751 
2097 
445 
8624 
957 
2040 
452 
5312 
905 
2906 
5841 
3667 
1388 
8538 
3448 
2443 
9179 
2802 
2953 
1449 
2469 
8778 
5145 
1628 
9752 
8062 
4409 
3899 
553 
6089 
2909 
3737 
639 
3051 
9381 
2445 
3951 
2882 
7335 
3724 
2872 
1216 
9983 
229 
271 
6740 
2520 
4509 
4652 
1756 
498 
1514 
485 
8880 
2021 
4786 
3179 
6997 
1638 
8162 
5200 
2914 
1593 
1466 
7947 
3478 
5112 
8404 
4664 
1843 
5418 
5657 
2864 
3223 
9293 
4623 
5732 
4706 
3020 
7129 
3994 
48 
5166 
6630 
688 
9432 
8861 
4470 
6244 
5923 
8281 
9516 
9014 
2658 
1913 
1938 
95 
10 
7166 
253 
5099 
6654 
7858 
5909 
98 
4929 
8806 
9906 
4259 
3441 
9823 
5687 
9942 
9929 
7950 
8847 
1513 
4358 
4999 
2325 
276 
6345 
658 
7518 
1852 
6396 
9927 
4902 
5490 
8177 
6015 
9922 
3743 
4711 
1529 
3613 
7610 
5370 
5835 
7425 
8936 
5069 
2185 
7827 
6693 
5898 
7763 
6420 
4553 
9911 
5205 
1689 
1721 
6299 
5294 
9034 
8952 
3832 
70 
2018 
9769 
5529 
7988 
4690 
4914 
1119 
4655 
7251 
9119 
9033 
5114 
8143 
7939 
3002 
5701 
3878 
7544 
5402 
8409 
8735 
1325 
8669 
8439 
4798 
3690 
1446 
862 
4722 
571 
1092 
5766 
652 
4120 
6033 
7487 
5425 
9435 
3314 
2104 
3974 
7290 
4355 
5579 
2650 
7844 
7372 
9347 
2534 
616 
892 
7775 
3843 
9562 
3813 
1460 
746 
8531 
4743 
6346 
7028 
8737 
7491 
724 
2313 
4683 
3933 
3653 
8244 
5104 
1969 
675 
6054 
3764 
8840 
597 
4452 
4949 
1588 
6727 
6468 
1830 
2172 
6435 
3107 
9706 
653 
9377 
7887 
6839 
4978 
6624 
502 
9996 
9526 
4847 
1426 
4782 
1321 
4805 
6105 
798 
3568 
1684 
3794 
8983 
3140 
4454 
6283 
5636 
5285 
7515 
7846 
1435 
4593 
5293 
7710 
1892 
5053 
7715 
8503 
3247 
867 
7569 
6504 
5079 
4570 
4432 
4856 
8356 
3534 
6123 
1749 
9010 
5343 
517 
4673 
622 
4460 
29 
6978 
7570 
119 
3426 
6747 
7619 
3717 
545 
60 
4043 
6099 
8066 
9104 
8788 
7521 
1768 
7857 
8091 
3739 
9296 
6938 
2073 
8579 
2756 
8630 
806 
1126 
6010 
6304 
672 
1018 
3424 
2152 
6270 
6950 
4677 
8126 
3131 
8277 
6363 
8197 
576 
6609 
9041 
4242 
275 
7599 
7108 
1171 
4938 
3934 
7253 
6558 
4986 
7107 
4725 
9376 
6170 
6608 
6649 
2856 
6271 
1741 
5270 
9677 
3598 
3383 
4234 
6643 
9941 
8156 
7297 
7046 
4939 
5796 
899 
8210 
2772 
6185 
788 
9501 
4396 
3144 
5718 
4271 
205 
2126 
2666 
8636 
615 
3553 
4082 
6434 
2754 
549 
6777 
896 
4413 
1599 
3626 
4589 
4639 
2336 
8030 
5919 
7252 
2926 
2858 
7184 
3987 
6197 
5649 
7393 
7979 
5830 
7919 
4235 
7602 
1707 
5856 
7174 
3804 
5326 
3484 
1845 
4224 
9643 
2584 
3734 
2716 
809 
7934 
9652 
7508 
3901 
8731 
1861 
325 
6670 
1881 
2054 
7017 
7651 
757 
4863 
4333 
9073 
6973 
1280 
9565 
6398 
3842 
9918 
7247 
5466 
5042 
2733 
3344 
1953 
9678 
5394 
3656 
7787 
2476 
2479 
1155 
288 
6987 
8453 
4940 
9910 
4922 
3085 
9859 
1837 
3082 
2620 
5864 
7837 
4937 
9193 
3800 
2416 
9572 
6546 
1979 
9136 
3130 
8212 
4433 
3024 
6173 
5604 
2252 
6948 
3419 
3059 
4027 
9766 
5255 
8482 
236 
2623 
2809 
2502 
4728 
2472 
9755 
5906 
4174 
893 
2183 
1455 
8979 
6451 
9977 
4919 
5252 
1559 
7866 
2446 
7933 
3173 
3937 
2465 
8233 
8510 
8395 
5640 
5279 
8273 
9053 
636 
6366 
3757 
5432 
4571 
3812 
7721 
3026 
2951 
844 
1122 
7293 
6881 
9338 
4059 
6566 
9331 
9763 
9622 
6090 
4710 
656 
7456 
7694 
7924 
588 
1675 
3781 
6857 
4522 
1053 
1290 
954 
8076 
9396 
4233 
3483 
8292 
2550 
5213 
259 
6465 
5074 
4957 
6402 
7120 
4322 
3668 
1806 
1512 
5084 
1034 
6872 
6454 
4747 
3851 
2668 
161 
2903 
2508 
6027 
4560 
1420 
8743 
9134 
8421 
450 
3115 
9989 
8890 
5034 
3597 
6305 
5082 
2908 
5772 
3014 
1151 
4175 
2078 
6184 
9400 
9789 
9852 
2392 
7856 
3893 
5264 
1213 
9607 
1128 
2013 
3908 
7630 
8998 
3837 
3371 
9374 
5865 
9494 
6337 
9627 
9465 
7182 
1955 
9449 
8357 
5489 
2059 
9535 
4704 
2955 
8449 
2722 
1286 
8112 
4501 
3323 
449 
6779 
73 
2999 
363 
165 
9336 
7724 
2579 
9945 
6452 
853 
6773 
3929 
7563 
7197 
9280 
4349 
9839 
5248 
5809 
9534 
9258 
6482 
6150 
8023 
6786 
8562 
717 
92 
6051 
9452 
4023 
9424 
3236 
929 
8019 
7421 
7480 
7344 
9132 
5514 
9191 
9704 
454 
4144 
1731 
352 
6816 
5971 
7985 
539 
4363 
7554 
3135 
9410 
456 
444 
3705 
7752 
9405 
5052 
2035 
5769 
5992 
5572 
761 
7980 
111 
8319 
5164 
1474 
4285 
8891 
3956 
8401 
1081 
4370 
1676 
1500 
2801 
2685 
4973 
6226 
7997 
3957 
1573 
3516 
6910 
9146 
9328 
1334 
8965 
4497 
3715 
7873 
8589 
1533 
1183 
6958 
2677 
2098 
7295 
5072 
1382 
8739 
9994 
1380 
9550 
8108 
5581 
9705 
2256 
4483 
6827 
2893 
3855 
5806 
3408 
3867 
6144 
8253 
2614 
5369 
7059 
3049 
4282 
8920 
8824 
4506 
7686 
8850 
6882 
7681 
7768 
7906 
5277 
3594 
9074 
6805 
1097 
8060 
6931 
204 
4448 
9486 
2468 
1157 
6107 
6969 
7660 
174 
1422 
350 
94 
4995 
3414 
1939 
5211 
5768 
9013 
7209 
2922 
3243 
849 
7359 
2415 
7431 
4731 
7991 
1582 
1769 
4318 
7849 
7149 
7131 
8463 
3149 
6186 
7782 
372 
1250 
4787 
1900 
4990 
668 
6292 
7270 
3561 
5678 
1855 
3133 
9109 
2087 
6132 
1198 
9666 
4074 
409 
5049 
117 
6476 
2881 
6235 
2705 
3365 
2478 
882 
995 
6167 
8021 
6794 
5184 
5153 
637 
8075 
6359 
7383 
2729 
6168 
5125 
7875 
8142 
5729 
2968 
7220 
542 
8772 
1066 
5449 
8558 
8520 
8291 
5415 
3888 
7008 
6191 
2987 
84 
8954 
3229 
2277 
5844 
9556 
2434 
5313 
9409 
4170 
5190 
8796 
7789 
9220 
2397 
681 
4525 
5627 
1362 
8118 
4867 
5503 
7731 
1000 
9126 
4192 
6715 
7558 
8649 
3482 
1232 
1360 
3331 
3564 
2347 
441 
4883 
7977 
2499 
1357 
2990 
6993 
7128 
1159 
1788 
5016 
8191 
4472 
8366 
2116 
7604 
9917 
4769 
1254 
7547 
5534 
8350 
7440 
859 
4742 
2196 
7256 
6648 
9189 
3844 
1453 
7371 
888 
1962 
3436 
3227 
802 
8563 
7394 
5974 
7527 
5182 
2745 
890 
7020 
3290 
6960 
1528 
7168 
8518 
5280 
2870 
4450 
5780 
3445 
3005 
9931 
7054 
8836 
5588 
1629 
685 
9485 
8039 
4198 
5480 
7994 
6788 
5094 
5170 
8394 
8163 
5773 
8934 
4921 
8471 
2216 
1287 
2119 
1476 
2272 
1506 
6219 
360 
6349 
6209 
8476 
4992 
9741 
5454 
580 
5602 
3803 
8791 
6056 
703 
4672 
9256 
7999 
7325 
2961 
7893 
302 
6206 
5558 
6112 
1407 
7872 
5276 
9024 
3454 
5957 
8706 
4511 
7035 
2324 
9807 
9329 
9455 
274 
1328 
7326 
4484 
6445 
8188 
4157 
9443 
9651 
1044 
8015 
7780 
5158 
3039 
2644 
6908 
4166 
917 
9743 
2239 
7076 
9245 
6565 
5239 
8046 
8901 
7726 
3025 
4961 
4831 
5613 
2619 
5932 
2958 
5338 
2622 
8896 
800 
9342 
2375 
8658 
9844 
9358 
3253 
543 
7535 
503 
4148 
3652 
1824 
9599 
3185 
56 
9831 
7472 
817 
6981 
4801 
547 
8582 
585 
7275 
3952 
5634 
1542 
6682 
272 
5380 
7708 
3687 
8839 
5744 
1917 
7201 
3429 
8828 
1986 
5333 
3280 
560 
2123 
6194 
240 
2630 
3350 
5135 
2805 
6007 
5133 
2028 
8479 
5441 
183 
8732 
3723 
8436 
6869 
5728 
6591 
3502 
4002 
5681 
8099 
2956 
3866 
2649 
3164 
4423 
5719 
728 
1110 
5191 
6201 
3442 
4845 
7069 
6841 
632 
7571 
2929 
1417 
3515 
8328 
6064 
4642 
1682 
4275 
2562 
6224 
7025 
1948 
647 
950 
8181 
7498 
6888 
2110 
1859 
1615 
3782 
6906 
252 
4159 
4145 
7422 
6922 
4925 
230 
1924 
5595 
3959 
3431 
9205 
1292 
5132 
362 
4669 
9143 
3531 
7989 
3919 
8816 
1160 
870 
4993 
6440 
4517 
9713 
8688 
9446 
5759 
8884 
7803 
6183 
5005 
2471 
1867 
9380 
3845 
1622 
1235 
7395 
3880 
5546 
3321 
7845 
6834 
6254 
3973 
8473 
8406 
8756 
3307 
4336 
8821 
8131 
885 
4165 
8942 
4632 
304 
6615 
2831 
5334 
8670 
4880 
4461 
2784 
936 
8161 
2624 
8940 
1547 
8167 
8256 
7522 
4605 
3128 
3156 
5029 
762 
1191 
257 
7058 
6929 
736 
9106 
5024 
741 
5207 
3836 
3278 
1966 
7136 
7474 
7194 
9273 
6228 
6537 
4117 
3589 
5479 
6055 
5911 
2362 
6587 
3519 
8988 
816 
472 
5375 
8657 
7320 
7210 
2273 
291 
2030 
4417 
3351 
2167 
1708 
5227 
8132 
2418 
8511 
2066 
8527 
4996 
2074 
7753 
6840 
2876 
3199 
4217 
6066 
983 
3943 
5653 
7185 
8207 
5776 
3822 
1687 
176 
3093 
7720 
6699 
2209 
4215 
2223 
5397 
4031 
9399 
2103 
4032 
387 
138 
2436 
157 
1017 
422 
5260 
9163 
8178 
4650 
7094 
8900 
600 
2398 
7234 
6601 
7811 
2122 
3087 
1705 
3732 
4894 
2373 
4555 
7349 
7013 
2757 
3636 
9088 
1050 
9127 
1754 
2449 
5037 
5448 
2501 
3474 
8841 
970 
9210 
9049 
2845 
586 
4785 
9046 
7502 
8611 
6792 
7701 
5199 
4573 
9987 
2221 
5896 
7172 
4648 
5484 
8996 
6108 
5536 
5845 
4167 
5739 
4266 
5667 
144 
414 
3536 
2952 
7830 
3076 
5943 
7202 
6044 
2093 
2918 
9582 
5986 
5944 
4393 
9281 
5118 
4533 
3544 
8134 
3078 
8513 
5498 
7355 
3259 
7805 
9098 
9505 
1238 
8199 
4034 
5621 
9821 
4095 
7271 
9761 
8309 
8141 
9585 
3708 
7889 
1954 
8905 
604 
1061 
1544 
666 
263 
1492 
8705 
5009 
4991 
2966 
2945 
1204 
9832 
8992 
5314 
3622 
3018 
1937 
2346 
6536 
2572 
7125 
1971 
7601 
9322 
6743 
5903 
6996 
3821 
7764 
1729 
1241 
7914 
5485 
4028 
8347 
1889 
9027 
5433 
4272 
7588 
1888 
8929 
2633 
599 
6159 
9912 
7470 
8970 
7786 
9162 
2571 
9629 
7695 
3080 
1105 
3167 
4851 
6380 
9496 
8006 
6520 
1430 
3879 
1699 
8024 
7958 
5399 
6508 
2284 
5100 
1973 
7375 
2646 
1826 
3355 
2361 
3779 
2778 
6988 
8618 
8758 
9383 
6025 
4568 
9808 
1802 
1299 
8803 
2748 
9980 
2887 
9632 
3191 
2496 
4806 
2190 
5863 
1185 
4989 
1377 
6321 
2742 
2873 
9199 
1386 
6318 
3035 
1010 
7257 
5289 
7106 
321 
4103 
8109 
9935 
4182 
4668 
2704 
1002 
9497 
7689 
4350 
9180 
8016 
2712 
5985 
1869 
6169 
8341 
225 
6662 
3679 
232 
1341 
4564 
9337 
1728 
8393 
7178 
1243 
6907 
9810 
8446 
365 
854 
26 
4126 
5682 
1416 
4909 
921 
9482 
8633 
9888 
9305 
5695 
495 
118 
4014 
8279 
2825 
4818 
105 
7496 
820 
2281 
1063 
4521 
6247 
3819 
7085 
4476 
3923 
9811 
5757 
3198 
5716 
1864 
8823 
8201 
9004 
2253 
2136 
3472 
4933 
4931 
1737 
1104 
5715 
6887 
9730 
2544 
5915 
8071 
8501 
78 
5866 
6399 
1049 
9039 
6576 
3301 
8270 
5755 
4985 
4516 
690 
1630 
2631 
7147 
2523 
4256 
4566 
1926 
2848 
197 
5014 
7224 
8960 
700 
7160 
6453 
9113 
8852 
3619 
4303 
8708 
8271 
3616 
4196 
5331 
8325 
5532 
832 
8610 
9992 
7744 
7288 
946 
8354 
110 
4142 
866 
4284 
7967 
4645 
3967 
8160 
2612 
7587 
4443 
8442 
561 
2780 
4899 
2514 
931 
7992 
5904 
1139 
3630 
4774 
8135 
9642 
5855 
4974 
5987 
6306 
3526 
8512 
5590 
7154 
2085 
7778 
9447 
8856 
9475 
3930 
5557 
7533 
6459 
3328 
5959 
2246 
537 
7671 
3044 
6685 
7676 
5238 
2015 
2727 
3824 
4643 
1808 
3375 
2219 
6358 
7002 
6661 
3902 
925 
8782 
1484 
4586 
2545 
4757 
3835 
1246 
6114 
5702 
6479 
804 
4918 
490 
5812 
5969 
8125 
6543 
6767 
1087 
3905 
1188 
2405 
9124 
3969 
5914 
5376 
4770 
1040 
2635 
2002 
551 
1972 
9867 
1393 
6005 
1048 
9364 
5550 
8078 
2641 
1841 
2708 
473 
1218 
5368 
5086 
9241 
7162 
8961 
8615 
2201 
4685 
6233 
8559 
7445 
427 
1408 
4776 
8581 
2860 
285 
2774 
9527 
9581 
5522 
4620 
1545 
9459 
3373 
2711 
5232 
8057 
1141 
6791 
4848 
4994 
4617 
1307 
6333 
8370 
2069 
3799 
9292 
2321 
8324 
1060 
7382 
1338 
7477 
7932 
265 
8104 
8093 
4138 
6401 
5760 
2854 
8623 
9071 
7358 
7910 
8701 
8150 
5910 
8225 
4748 
6227 
4679 
5535 
3267 
9601 
6999 
9075 
3433 
591 
9626 
1103 
6606 
7506 
5076 
1739 
670 
1921 
9285 
2645 
8771 
9818 
5486 
612 
602 
6785 
8957 
5920 
416 
7777 
7283 
9749 
4879 
1736 
7051 
2407 
2542 
4682 
2618 
2137 
5141 
4998 
2378 
7317 
1129 
9794 
6039 
5493 
2144 
6274 
3982 
2611 
1278 
6598 
5328 
9229 
2348 
3637 
8543 
244 
7788 
9687 
5391 
8789 
805 
8028 
8997 
8740 
9246 
5788 
2889 
7056 
239 
508 
6706 
2249 
7902 
2590 
405 
1982 
1742 
430 
3425 
1610 
8523 
3859 
2353 
2941 
9458 
7132 
4297 
1751 
6721 
593 
7424 
8114 
7581 
2086 
7406 
5342 
8931 
8036 
6199 
4365 
6036 
5300 
6571 
2581 
1779 
3180 
5632 
8597 
7896 
340 
5538 
6491 
7848 
9909 
8754 
4399 
3872 
5659 
9787 
8083 
1866 
6 
5706 
4017 
7151 
5652 
2287 
7213 
5620 
6774 
7578 
4337 
231 
8697 
7378 
215 
2330 
3704 
1331 
7922 
9340 
4634 
5938 
2714 
3560 
5434 
4750 
1546 
5357 
2309 
4274 
5584 
3938 
6971 
9077 
4715 
2323 
7171 
606 
9433 
9856 
64 
8977 
3999 
8777 
3397 
5160 
5431 
8744 
617 
8786 
6081 
5829 
7738 
993 
3361 
1664 
3763 
1786 
4382 
649 
7682 
9016 
2444 
8554 
9674 
845 
9248 
8398 
7897 
7791 
9824 
5057 
5506 
9650 
6623 
4357 
7331 
102 
7984 
1339 
2340 
8924 
438 
8902 
5942 
3037 
7534 
5886 
7103 
5362 
1592 
9218 
7200 
9468 
6405 
1371 
9112 
5492 
1025 
9092 
2513 
6342 
819 
5688 
6901 
1848 
2360 
4451 
5527 
4827 
3833 
6781 
1221 
3910 
4334 
5412 
3 
5945 
3169 
2556 
4278 
8561 
1263 
8881 
6377 
5167 
193 
6068 
6496 
9835 
8289 
7770 
4893 
8472 
6322 
8251 
944 
5541 
3357 
2751 
8569 
1443 
7040 
2162 
1897 
4374 
9891 
7580 
3241 
9261 
4924 
337 
7044 
7663 
4315 
370 
4406 
5542 
2776 
8679 
9001 
1201 
8622 
345 
4661 
7772 
6745 
7356 
6480 
9213 
5180 
8738 
4887 
6432 
1994 
1800 
8908 
9299 
8712 
4972 
8029 
6946 
6998 
6487 
5055 
4926 
6572 
3178 
4967 
1679 
54 
9332 
5900 
3423 
1750 
7097 
9872 
3398 
279 
1153 
8056 
8098 
6916 
6331 
519 
4854 
3317 
343 
17 
3736 
3159 
9645 
3468 
7634 
5684 
5282 
5436 
7732 
1912 
7161 
8107 
1411 
3944 
2117 
3522 
3210 
7466 
9796 
7216 
5721 
2308 
9797 
8219 
9588 
2654 
4950 
3012 
1020 
680 
9412 
5989 
525 
3556 
5137 
1011 
6217 
8477 
2813 
5994 
3770 
972 
11 
4246 
9907 
6679 
1795 
7313 
3079 
860 
8192 
8429 
6995 
910 
9037 
9575 
4249 
9553 
708 
6849 
9692 
7734 
5784 
1509 
2511 
2241 
1062 
6215 
6531 
2815 
3263 
1515 
2146 
9017 
8770 
2288 
9613 
8294 
7664 
8773 
9589 
835 
3320 
765 
9780 
7070 
1145 
6684 
6586 
65 
3396 
7834 
5893 
1743 
171 
9226 
2157 
7582 
5871 
7327 
9668 
2837 
481 
7452 
1566 
461 
4869 
8814 
1114 
6935 
134 
2025 
7180 
3401 
3578 
9456 
348 
2915 
1655 
3360 
9712 
1067 
8982 
9690 
8240 
4183 
2559 
3713 
2205 
2247 
2768 
9688 
9528 
1273 
5482 
8184 
1893 
2191 
5646 
5600 
5810 
6326 
4156 
1412 
4980 
5194 
3285 
9883 
3793 
7014 
9816 
8115 
184 
6257 
5395 
9178 
9361 
6977 
5644 
1927 
6317 
2592 
1450 
8103 
7333 
5818 
6323 
2766 
6868 
9571 
8555 
2896 
1774 
6187 
935 
8286 
725 
1704 
5488 
5872 
8285 
2060 
1734 
3303 
4901 
9404 
5953 
7061 
8265 
5474 
5931 
7095 
618 
5983 
5109 
5544 
5219 
1094 
1170 
369 
2371 
5494 
6553 
3463 
1665 
9489 
1871 
5928 
5828 
971 
219 
4934 
1231 
1045 
3654 
7517 
5941 
727 
9819 
2212 
5966 
9203 
3091 
2555 
6222 
419 
3703 
1807 
6866 
9460 
4529 
1964 
5088 
9555 
1877 
9596 
9181 
7564 
8120 
1271 
2920 
4457 
8656 
9658 
7227 
9828 
1698 
7429 
8223 
9593 
266 
8798 
2454 
9096 
7380 
7081 
9711 
6279 
1710 
2561 
4793 
6412 
8460 
7814 
1814 
3313 
1606 
6438 
5660 
6879 
5823 
8498 
1918 
7119 
1919 
5965 
1355 
8860 
9833 
7314 
5193 
6131 
3464 
4890 
3906 
4906 
5838 
3486 
4730 
4387 
8312 
2358 
2917 
5221 
2109 
643 
1037 
7645 
9940 
7436 
8144 
2475 
2976 
4329 
2307 
3926 
3127 
1978 
7666 
1259 
3275 
8405 
1654 
226 
6829 
8802 
1884 
7589 
9619 
2796 
1896 
6509 
1817 
4376 
2849 
4348 
3434 
5201 
7983 
4230 
1525 
2131 
22 
9430 
5869 
1240 
5356 
5013 
7413 
9649 
4371 
9493 
4841 
8953 
8382 
510 
5411 
4898 
8727 
1384 
3551 
9350 
7900 
5044 
9029 
6016 
2270 
2290 
6804 
9204 
6968 
7892 
5165 
313 
6180 
3453 
9860 
5708 
72 
1470 
521 
5543 
5526 
3744 
5122 
2718 
2739 
3036 
6884 
9254 
373 
3607 
7299 
74 
5078 
5861 
6741 
9925 
5787 
8344 
3498 
9503 
305 
5233 
9492 
7539 
3269 
8564 
9894 
8576 
6889 
4236 
5742 
8407 
4823 
1414 
8680 
9470 
2626 
6867 
2943 
3964 
1895 
7822 
9076 
1064 
4812 
5570 
581 
5077 
3276 
7153 
9309 
8673 
4401 
9820 
7852 
2583 
2431 
9897 
1998 
1839 
5337 
3272 
6784 
49 
7449 
4200 
262 
8041 
7458 
4556 
3716 
9746 
3686 
2389 
679 
2771 
4210 
9269 
5722 
7287 
7488 
4977 
5735 
2603 
6848 
7258 
9359 
5288 
8070 
2051 
7661 
5658 
5107 
6902 
7956 
2706 
827 
996 
1089 
1648 
4180 
6524 
1644 
8857 
7839 
5246 
1809 
7228 
4546 
2359 
1903 
3481 
4600 
945 
2529 
2723 
1718 
9938 
6611 
278 
1059 
3216 
9272 
7541 
8031 
3785 
6580 
7096 
5817 
6540 
8757 
2567 
4855 
8810 
4354 
8268 
9233 
4504 
8486 
4005 
9669 
3485 
6552 
4160 
1604 
7130 
1570 
7740 
6469 
942 
5783 
5626 
213 
5873 
190 
4020 
1804 
4084 
8128 
1777 
3566 
7876 
96 
2257 
1329 
6243 
3662 
3698 
6012 
7565 
5218 
1928 
5661 
8819 
9936 
9543 
5457 
3157 
242 
3329 
2964 
1748 
4058 
8466 
5002 
8243 
1849 
2764 
6980 
3052 
3605 
4112 
8052 
6923 
5301 
4404 
142 
2637 
4185 
8914 
2464 
4947 
2113 
289 
3146 
4062 
4308 
9786 
5791 
5500 
4777 
3772 
154 
7880 
8320 
986 
694 
9884 
1369 
7904 
511 
8785 
5504 
2942 
7134 
4108 
9865 
7407 
9518 
7204 
4458 
3422 
4299 
3385 
7489 
6769 
5462 
4435 
4102 
9902 
2425 
8493 
1712 
8652 
3588 
6812 
2934 
465 
109 
403 
9464 
538 
6617 
8793 
9774 
6120 
8974 
1885 
7624 
2818 
1678 
579 
1013 
3006 
1619 
489 
2753 
4481 
3088 
3548 
2541 
5143 
168 
6772 
2894 
294 
4765 
4579 
2627 
4892 
5624 
5095 
209 
3520 
5366 
8489 
8314 
4073 
7820 
1172 
3975 
6665 
6441 
6808 
7418 
4528 
8389 
3671 
1260 
3507 
8862 
4732 
7555 
8378 
7062 
5637 
3211 
182 
2898 
480 
2235 
5440 
3440 
5460 
5521 
9362 
3218 
1522 
504 
7926 
4911 
5257 
4313 
894 
1225 
4367 
7164 
2904 
8100 
8069 
2111 
5169 
3940 
2006 
567 
2039 
351 
8315 
5408 
9343 
4584 
1298 
1073 
3435 
8298 
1561 
3742 
4592 
6510 
7969 
3760 
2539 
624 
9899 
2351 
2202 
3268 
3627 
8470 
1537 
4412 
5892 
1124 
2799 
2049 
1208 
1186 
7310 
8721 
7698 
2548 
9538 
5028 
6904 
9952 
8672 
1755 
5580 
6577 
2451 
7469 
2255 
4965 
5090 
6557 
1681 
9363 
1694 
4076 
5085 
901 
8695 
7225 
5108 
9754 
2372 
3584 
2189 
9682 
5360 
5629 
5612 
6559 
14 
2417 
7087 
8097 
1245 
8082 
3469 
8165 
8875 
5198 
9490 
9311 
8346 
2594 
8037 
5123 
7203 
7684 
1815 
5400 
5870 
3242 
9382 
898 
6957 
8556 
3310 
210 
1825 
760 
2296 
9827 
787 
5455 
5745 
6073 
6633 
6430 
9885 
494 
2224 
4981 
2334 
3907 
1667 
447 
5421 
8116 
223 
8560 
9100 
3089 
1688 
8403 
9045 
4723 
7043 
3700 
3391 
7123 
3033 
1091 
7957 
7068 
328 
5130 
6855 
8641 
5083 
9211 
3118 
7835 
8054 
558 
1999 
9638 
3811 
8577 
1279 
6085 
6709 
4140 
6905 
8130 
6947 
1564 
527 
7654 
440 
9611 
1932 
7964 
6250 
7193 
2661 
2701 
9423 
8263 
75 
594 
1003 
7179 
8837 
2072 
1713 
8465 
1390 
991 
3909 
4316 
1696 
4115 
3660 
1819 
2297 
1846 
3774 
462 
1350 
8495 
768 
6675 
1827 
4225 
4876 
9954 
3688 
342 
301 
4670 
4466 
3058 
8333 
7523 
6790 
8866 
8820 
4882 
1778 
9920 
7923 
6502 
5291 
148 
7403 
163 
2391 
5262 
2676 
9630 
2374 
4773 
7996 
4213 
2470 
8981 
2269 
5670 
6890 
4686 
8668 
1603 
5970 
1228 
5712 
8329 
4737 
8157 
4671 
976 
8709 
1448 
1248 
8299 
2033 
7825 
607 
2728 
663 
153 
1873 
9133 
8647 
9834 
8515 
2314 
3203 
7598 
9450 
2855 
8166 
6461 
9594 
4419 
2457 
6128 
7891 
4775 
8220 
2919 
9467 
9679 
9232 
3986 
3816 
8660 
7863 
2577 
2507 
8137 
1653 
8258 
7337 
6049 
3625 
7982 
3437 
1267 
316 
3326 
8287 
9301 
2599 
3995 
3863 
5048 
7877 
9567 
9781 
5472 
250 
7133 
2339 
9461 
7815 
1326 
16 
7415 
5655 
2044 
2455 
791 
7625 
6561 
1136 
978 
1612 
6764 
3784 
9541 
7962 
6616 
1899 
2901 
9345 
7169 
3015 
2586 
1268 
4637 
4814 
3618 
5398 
8377 
6172 
7794 
8906 
7529 
6896 
9840 
9057 
4538 
2367 
6590 
2203 
9986 
9880 
8537 
3610 
1510 
233 
9843 
676 
6259 
578 
1182 
752 
4966 
6074 
4414 
1976 
7364 
8123 
8534 
5236 
1527 
6720 
6145 
6264 
3537 
8380 
8168 
8761 
644 
629 
2824 
982 
1410 
3048 
2215 
5320 
249 
6125 
6550 
131 
7274 
149 
6391 
5287 
1315 
6093 
3511 
6218 
2474 
2218 
2173 
9545 
8775 
8545 
8440 
621 
2301 
4425 
9488 
24 
9314 
8805 
9721 
3400 
8724 
9212 
7928 
9697 
3102 
7594 
7785 
8710 
7965 
1569 
7795 
574 
7231 
9893 
7409 
4591 
1590 
4042 
5573 
55 
8384 
8323 
2986 
3108 
9084 
5951 
2414 
6378 
8691 
3192 
8187 
8703 
7557 
2662 
5792 
4128 
3132 
9141 
674 
6190 
3649 
7217 
2363 
3183 
82 
8667 
5980 
506 
5724 
3924 
2105 
1215 
7454 
5517 
534 
8447 
9462 
7871 
2564 
2948 
6166 
3766 
4109 
5815 
7631 
5212 
7007 
1071 
4627 
5496 
7342 
9698 
737 
7006 
1833 
5876 
4772 
7330 
126 
2696 
569 
8336 
963 
1677 
8257 
8412 
5105 
6663 
311 
4865 
421 
7511 
1789 
2083 
7993 
5731 
3103 
5330 
1415 
3567 
4092 
3681 
9386 
4286 
9048 
2879 
968 
9985 
9397 
6602 
2259 
9394 
3264 
9740 
9379 
7793 
7646 
1173 
3342 
5026 
5477 
1346 
891 
6181 
4551 
4029 
7490 
771 
3547 
2084 
3834 
9750 
4758 
4536 
9114 
5403 
9542 
9168 
5256 
1457 
9955 
646 
554 
1461 
734 
3388 
20 
3134 
1925 
8620 
7986 
3403 
4086 
6627 
3527 
8542 
1389 
5878 
7036 
207 
2636 
4395 
3376 
5537 
2369 
8651 
3664 
7553 
5386 
2671 
1312 
748 
71 
9061 
9303 
5444 
1813 
824 
4279 
5819 
3858 
282 
6126 
7648 
7552 
3886 
2851 
1504 
1222 
458 
322 
1530 
356 
5822 
7176 
4012 
3621 
1878 
2233 
9606 
552 
1858 
6793 
457 
8454 
1330 
8941 
8583 
2299 
1272 
4964 
6311 
9886 
4559 
6210 
838 
2027 
7376 
6119 
7039 
234 
1069 
180 
122 
1618 
1836 
6134 
6758 
99 
5765 
7242 
2517 
1093 
733 
5351 
4512 
1902 
113 
9188 
7607 
7236 
158 
5283 
1310 
9943 
692 
6838 
3444 
6417 
3970 
712 
7840 
1234 
2779 
6011 
7643 
2075 
1770 
6146 
4397 
9038 
8445 
7673 
1438 
7055 
4656 
1719 
2937 
1812 
9058 
9174 
9487 
4178 
812 
2143 
9349 
3640 
9661 
6488 
9874 
9837 
2656 
8825 
7221 
3828 
8296 
6625 
3117 
9 
4915 
6647 
3205 
691 
8249 
7693 
5468 
7561 
277 
9198 
2667 
2498 
5111 
7975 
6821 
1695 
743 
5148 
2871 
6050 
9072 
460 
4820 
2840 
5316 
5181 
9866 
3019 
2419 
3404 
8092 
5102 
889 
9097 
8693 
125 
1792 
4678 
2886 
9018 
2857 
7165 
4146 
3791 
1179 
7205 
1589 
9056 
4226 
8009 
4948 
5802 
1161 
9355 
6386 
6431 
7633 
1607 
516 
1548 
5647 
9515 
358 
1202 
1949 
5038 
2689 
6600 
7878 
3495 
2547 
7890 
4158 
4828 
9279 
451 
1744 
3104 
4270 
980 
5734 
9967 
7387 
5175 
6579 
1189 
412 
4903 
1054 
46 
293 
4177 
7699 
4430 
4223 
3112 
2634 
8702 
7703 
4604 
2210 
4296 
2046 
8231 
8050 
7206 
4850 
3510 
555 
990 
8746 
3988 
8224 
7336 
8170 
4689 
6395 
2828 
1192 
9451 
4441 
5897 
2222 
7345 
1206 
6160 
7338 
1152 
1781 
1671 
2582 
1626 
7300 
6263 
2482 
4468 
1560 
5685 
9411 
6753 
83 
6389 
3838 
4238 
6514 
7678 
1868 
8480 
483 
3430 
4373 
6900 
836 
5781 
8313 
3013 
3992 
3868 
41 
5790 
1335 
7072 
2981 
9316 
8342 
3071 
6493 
9991 
1075 
4749 
107 
8714 
3696 
9062 
8074 
406 
9801 
5749 
6347 
2365 
8572 
1078 
650 
5597 
1144 
6277 
943 
9510 
9291 
3856 
9610 
9031 
5385 
9993 
5895 
9491 
2267 
3984 
6861 
5020 
4066 
5407 
5247 
429 
6940 
912 
789 
1309 
181 
19 
7879 
2127 
7030 
7079 
5274 
9707 
8288 
3407 
6225 
5926 
320 
2180 
7190 
2438 
34 
2607 
3446 
3147 
8664 
5889 
9003 
7244 
6736 
8005 
7479 
1901 
7212 
6319 
3948 
8557 
6462 
2936 
2859 
3246 
4612 
3368 
2279 
1911 
5545 
7543 
3207 
6563 
9480 
137 
9264 
8437 
6681 
1725 
4051 
6678 
9274 
2486 
633 
3021 
6416 
6955 
5582 
6070 
2679 
2503 
7207 
8193 
1158 
8173 
4729 
7347 
7402 
3998 
235 
8975 
3675 
7559 
1791 
2036 
4244 
3196 
160 
9504 
7064 
4557 
446 
4499 
6088 
997 
3942 
5666 
575 
2884 
6320 
8237 
7868 
6934 
3443 
4844 
7091 
9300 
3248 
4061 
1860 
1498 
2141 
6547 
1983 
7262 
7286 
9905 
3546 
6196 
1405 
4840 
8077 
3504 
4402 
432 
1057 
9890 
1154 
2883 
4680 
2198 
3311 
1996 
7340 
371 
1115 
8530 
6798 
9182 
5254 
8452 
754 
3095 
8182 
7237 
7978 
8458 
292 
5519 
1197 
745 
2226 
776 
781 
4232 
2682 
4583 
3066 
938 
9083 
2597 
2289 
8500 
6276 
8526 
1829 
1436 
2383 
9476 
8720 
314 
2761 
7817 
9289 
3912 
6344 
3300 
5747 
3007 
3521 
6858 
7390 
8149 
713 
3935 
2552 
711 
8308 
7135 
1724 
9901 
1447 
2023 
9304 
1526 
1501 
6703 
1865 
1319 
8699 
7127 
6713 
7503 
5159 
3891 
1961 
4702 
1752 
6635 
5008 
9439 
8159 
6456 
8932 
5673 
4590 
9466 
6831 
8311 
1660 
3529 
4060 
8293 
9778 
3197 
7623 
6077 
1242 
8402 
2274 
4475 
4133 
8252 
2092 
7655 
6204 
2738 
1776 
2923 
3552 
1370 
246 
214 
6113 
1585 
9149 
491 
6178 
8247 
218 
577 
6757 
2244 
1668 
2657 
2653 
5459 
4209 
6135 
2019 
5696 
7305 
3966 
8969 
4323 
6640 
7542 
628 
9288 
1486 
1101 
2601 
1706 
3109 
4563 
7158 
2638 
909 
9471 
6408 
6008 
2477 
9595 
6236 
840 
3595 
595 
919 
4462 
4264 
914 
1581 
1099 
5879 
6379 
3574 
6539 
8051 
3558 
907 
784 
1997 
7485 
7146 
1922 
1685 
9265 
5336 
9667 
3542 
9440 
243 
4544 
2596 
2812 
846 
2102 
3256 
5610 
5935 
1621 
4385 
8838 
7152 
669 
4033 
6712 
5793 
6921 
4021 
4179 
9975 
4943 
6177 
1162 
2192 
9848 
8612 
6371 
3524 
8241 
5467 
9591 
7442 
2462 
5885 
6815 
7959 
5196 
4545 
742 
7668 
3125 
3237 
932 
9854 
9759 
913 
5179 
4469 
9748 
9934 
7545 
420 
6324 
326 
1303 
6234 
5727 
984 
4907 
6573 
1640 
5774 
6308 
7444 
3823 
9120 
6427 
6489 
6637 
1669 
7027 
4724 
3972 
9939 
8763 
2551 
2265 
4380 
7537 
9701 
5639 
8690 
484 
3853 
6742 
6499 
5066 
6111 
7728 
9686 
1163 
3818 
4353 
5098 
260 
8937 
865 
9116 
7075 
7831 
8414 
730 
8278 
4324 
4048 
1107 
8218 
3465 
497 
8127 
7566 
1249 
5392 
9873 
7843 
8629 
5901 
4473 
1323 
5820 
5361 
6956 
9790 
1365 
2743 
5224 
8565 
1070 
966 
4116 
3316 
7899 
7593 
7632 
2844 
8276 
8600 
1608 
2575 
6918 
3841 
8634 
5553 
4707 
7583 
6863 
9118 
3753 
2673 
826 
9160 
3194 
9115 
9633 
2412 
5801 
6303 
608 
1643 
1666 
5110 
2234 
2268 
4261 
949 
3706 
2343 
8272 
4205 
2227 
8675 
900 
1184 
85 
4360 
8767 
9223 
7261 
6880 
8504 
8524 
3286 
7367 
3776 
2540 
2522 
349 
2329 
8674 
3754 
2991 
9054 
6203 
6842 
177 
5134 
4578 
9806 
5937 
433 
9102 
5899 
2839 
7114 
7191 
4778 
6047 
9616 
3473 
7163 
9803 
381 
6258 
5041 
1882 
6945 
7746 
4868 
6952 
9079 
2954 
9621 
8242 
9973 
1135 
6593 
6963 
9268 
1233 
1117 
2588 
4344 
9847 
201 
1398 
5253 
4508 
6354 
1797 
3294 
7755 
2230 
722 
8002 
6990 
6238 
9320 
5040 
6041 
3366 
6091 
947 
5884 
2453 
773 
5117 
9558 
4946 
5022 
5795 
8591 
9722 
4465 
981 
7757 
8889 
6891 
3960 
6313 
5675 
1464 
6424 
411 
3657 
1086 
5594 
4304 
573 
4292 
5881 
3260 
1735 
8792 
526 
194 
1026 
2303 
3993 
790 
1471 
6155 
1641 
6578 
1274 
9637 
2376 
7771 
8374 
6018 
1041 
1766 
7350 
4734 
59 
5310 
8671 
7714 
448 
951 
8536 
799 
6290 
7743 
9605 
6954 
9158 
3187 
8355 
2632 
4068 
121 
1516 
1343 
4228 
8684 
5946 
2973 
959 
3137 
9696 
1282 
8431 
3193 
4383 
3628 
8955 
6439 
3576 
9898 
7575 
1123 
1798 
3415 
6548 
1910 
9313 
3226 
6195 
4872 
6058 
6376 
2387 
50 
3233 
5606 
1077 
3673 
8606 
6048 
9122 
3452 
5645 
7188 
785 
8843 
6574 
6594 
5126 
2458 
7675 
39 
2925 
4309 
9194 
5851 
8713 
2062 
2452 
6532 
8302 
887 
6230 
9628 
4053 
3262 
9286 
4624 
6472 
8158 
3775 
9950 
1723 
5859 
2781 
3200 
6909 
871 
830 
5690 
6614 
744 
2996 
570 
2420 
9348 
2017 
9764 
4293 
1106 
1300 
8976 
6002 
5786 
9540 
5157 
2254 
7404 
8681 
6556 
582 
6293 
1482 
6327 
6618 
3318 
4540 
5824 
3950 
4576 
3617 
3735 
7243 
2984 
6023 
6551 
9841 
6216 
5707 
9521 
6361 
9951 
1963 
1818 
2643 
8780 
52 
8045 
5203 
2020 
6355 
7260 
5307 
6188 
9921 
1717 
6057 
4197 
4681 
6516 
53 
8129 
3632 
3061 
7117 
4218 
6953 
5404 
2610 
6009 
5240 
4455 
5853 
4663 
2531 
7248 
6698 
3674 
8628 
9800 
2570 
9727 
7828 
7586 
6042 
6414 
4952 
1600 
9473 
1517 
7784 
3827 
5874 
5154 
5988 
3809 
1239 
8235 
8835 
4688 
2456 
4408 
3689 
8080 
5711 
336 
5216 
2461 
5388 
3623 
1459 
8012 
1475 
307 
9206 
7121 
1574 
128 
8121 
3500 
4766 
2557 
587 
4046 
9574 
4153 
4378 
5047 
5990 
2134 
6485 
91 
4240 
6828 
2877 
1203 
8540 
5065 
1709 
1212 
7767 
7 
5520 
4341 
3661 
8985 
4534 
9744 
9250 
3780 
8215 
1281 
8799 
6634 
1207 
4727 
1293 
2816 
1027 
4719 
4190 
5315 
270 
8053 
334 
8206 
5524 
7294 
9008 
8499 
4908 
1181 
1634 
2899 
8349 
9998 
9360 
9323 
3714 
2730 
1004 
7009 
3631 
5754 
825 
6518 
7435 
4738 
8811 
3374 
3927 
2962 
7026 
5171 
6883 
123 
1952 
7621 
319 
9559 
9306 
2000 
5972 
9699 
4799 
4514 
3635 
8950 
9128 
975 
8171 
6095 
5746 
2600 
6214 
5813 
5616 
6419 
1444 
5323 
1583 
2492 
4294 
2602 
3911 
5561 
640 
8567 
8133 
6393 
3961 
7468 
4064 
9319 
7573 
5268 
8959 
3084 
1195 
6756 
459 
81 
9365 
2865 
7089 
831 
9745 
5226 
2278 
2413 
507 
897 
9889 
2737 
3612 
7450 
3725 
8685 
5779 
8807 
3606 
8842 
1387 
3506 
1775 
5225 
18 
9782 
2946 
2473 
2875 
1452 
4004 
8678 
5692 
3778 
9315 
9726 
7042 
5836 
7550 
9295 
783 
3010 
4477 
3733 
4444 
1008 
8387 
3215 
1439 
5092 
3094 
1353 
2298 
1495 
3787 
1372 
6165 
3077 
2833 
786 
5726 
1499 
9736 
6040 
1738 
436 
1502 
1923 
3798 
9958 
3642 
9617 
3805 
4342 
2163 
4416 
7113 
8994 
3221 
592 
8145 
346 
4163 
133 
5321 
9549 
5998 
8367 
103 
7727 
6680 
7838 
4618 
1831 
9044 
2161 
3056 
4819 
958 
3638 
4873 
2178 
8222 
2231 
4561 
6080 
338 
4891 
1227 
2005 
5703 
9624 
3958 
7067 
9953 
286 
7888 
4424 
1816 
143 
6962 
2665 
1134 
2982 
7865 
4169 
6492 
8849 
7082 
1639 
3338 
4659 
6671 
4093 
9694 
4265 
751 
2171 
9725 
3309 
1211 
159 
4779 
5097 
5978 
2138 
5346 
2829 
1722 
9742 
5763 
3462 
9948 
6260 
425 
2176 
9366 
9530 
2792 
5858 
5147 
6411 
9175 
4810 
4888 
2332 
2702 
3980 
7613 
563 
8172 
9533 
9208 
2664 
4038 
9563 
8867 
1434 
955 
5705 
2811 
3752 
28 
3898 
8496 
7110 
6242 
5831 
6585 
5607 
9846 
8042 
2385 
4930 
3046 
2145 
5438 
2114 
631 
4548 
2930 
8922 
6813 
7047 
9817 
5091 
7004 
5374 
9227 
2615 
4833 
3786 
6708 
9715 
5012 
3903 
2765 
4407 
306 
1968 
9654 
9855 
2791 
9829 
2703 
2758 
5631 
1098 
9375 
2707 
3217 
6375 
9937 
3501 
3008 
6943 
8573 
696 
2994 
5447 
7475 
729 
2090 
7289 
8018 
9352 
5387 
5023 
9529 
6426 
6446 
7029 
6498 
1783 
6653 
8301 
6486 
1351 
6949 
4381 
2659 
1085 
7915 
583 
9445 
7414 
6656 
1039 
179 
4107 
3265 
1138 
2433 
7860 
9657 
941 
1985 
4040 
8696 
4016 
1262 
4237 
2357 
3053 
3358 
6862 
2238 
992 
1311 
9720 
6494 
1120 
6860 
1345 
2107 
8639 
5984 
6035 
3277 
2285 
1068 
4327 
7603 
15 
69 
9978 
1944 
2974 
9525 
6991 
4657 
2406 
7592 
2924 
5908 
6448 
2350 
5567 
3409 
9875 
4513 
7611 
3945 
1109 
3086 
1349 
1904 
9378 
611 
5156 
7911 
1251 
3270 
2691 
2804 
5562 
2459 
3897 
4347 
228 
2648 
1361 
8205 
4063 
562 
7230 
3979 
1270 
6022 
9170 
9758 
7760 
833 
6084 
8627 
1875 
5383 
5797 
7841 
1132 
5816 
5596 
1700 
9257 
5127 
3381 
7023 
1423 
8858 
7031 
2521 
5176 
3881 
9791 
309 
8417 
687 
303 
5842 
2168 
8226 
9339 
8361 
2938 
212 
874 
9915 
2587 
312 
4492 
8198 
7249 
9131 
8888 
3083 
2053 
6148 
8415 
2651 
2911 
8217 
2248 
3232 
3777 
5456 
6775 
9546 
4428 
4494 
6915 
1821 
9675 
8885 
364 
5064 
3750 
2997 
4781 
3034 
8492 
8353 
7829 
9779 
499 
1376 
7441 
7328 
8033 
6307 
4289 
2494 
1598 
6897 
254 
3153 
2048 
7353 
2089 
9932 
3806 
2130 
1065 
937 
3790 
3963 
7401 
7951 
1277 
3119 
3081 
5349 
7718 
4055 
6024 
9548 
8533 
4835 
8202 
4532 
5956 
2243 
3295 
7306 
2186 
378 
3001 
3570 
7812 
1255 
3562 
8230 
8497 
5982 
4258 
7687 
8722 
9290 
6652 
4916 
9413 
2593 
4607 
6288 
8945 
9524 
1317 
9420 
7139 
2988 
58 
3609 
4007 
920 
1941 
1673 
9101 
6933 
7974 
5778 
2133 
2838 
2820 
1024 
248 
3219 
5142 
9700 
9393 
8826 
969 
9325 
3364 
2050 
318 
150 
8246 
3069 
8102 
4008 
3577 
1894 
4860 
9805 
7665 
5771 
9007 
5139 
1714 
188 
3740 
1427 
731 
5833 
9783 
116 
2688 
4119 
9990 
3528 
4740 
2182 
4832 
9244 
550 
1540 
9587 
4836 
3644 
3230 
6251 
572 
5120 
1199 
7037 
5093 
682 
2341 
3090 
5710 
1518 
880 
3041 
779 
6983 
5378 
5954 
4503 
6668 
3296 
4927 
155 
33 
9777 
7384 
3928 
7869 
9665 
693 
8411 
2755 
7138 
1400 
467 
8343 
8154 
6620 
5598 
4858 
281 
3271 
9367 
5476 
3126 
4875 
106 
2200 
715 
7650 
21 
528 
1790 
7268 
1314 
2979 
7526 
1456 
8529 
3067 
3045 
3293 
532 
9868 
9822 
6823 
9785 
3718 
655 
7861 
3852 
3050 
1990 
2335 
8666 
556 
1550 
3773 
9019 
6854 
4036 
7099 
3206 
1872 
6738 
222 
5305 
1823 
5231 
220 
3655 
5756 
2440 
9570 
2164 
2014 
5463 
1368 
9799 
1946 
4478 
6336 
80 
977 
9614 
2316 
3810 
2370 
7015 
8879 
9419 
5578 
6651 
6221 
4172 
7629 
3325 
7941 
5751 
3759 
2767 
7098 
3493 
6582 
354 
8003 
8418 
4577 
3096 
4803 
9190 
6673 
2125 
2740 
634 
4519 
2826 
2260 
1428 
9499 
5113 
5495 
6013 
3043 
4001 
3771 
1137 
4674 
3420 
1850 
7471 
2154 
9184 
2971 
3249 
9507 
7612 
1987 
857 
918 
1967 
4482 
3028 
1838 
2450 
9812 
5259 
9333 
3017 
3224 
6818 
6394 
721 
5296 
8886 
6705 
716 
2669 
2613 
2759 
9282 
4960 
7232 
8040 
1915 
9107 
8645 
8734 
2263 
7620 
6642 
3492 
2080 
7254 
8928 
202 
1052 
4375 
1697 
7618 
3336 
9965 
2684 
6503 
6917 
3922 
8438 
5501 
9663 
2155 
2493 
1905 
8064 
6278 
3072 
706 
2041 
5060 
2345 
5748 
6626 
5704 
4384 
2467 
9892 
3030 
2079 
6103 
3466 
7499 
2337 
4070 
8119 
4780 
6825 
1631 
3121 
1745 
645 
9762 
6912 
5826 
2026 
2315 
1822 
568 
8517 
6639 
6127 
9253 
4542 
8008 
926 
8892 
1313 
1012 
8665 
6686 
1451 
9388 
7150 
6710 
2480 
4010 
1164 
2978 
6751 
2861 
651 
3392 
1209 
9284 
3677 
3304 
6592 
5121 
5563 
5068 
7653 
423 
1082 
2852 
9055 
7282 
9402 
4982 
9904 
166 
1140 
1558 
6726 
8058 
269 
8790 
7513 
6213 
6272 
5868 
2430 
5281 
2890 
3367 
4400 
1951 
1993 
1637 
2785 
7692 
7022 
2975 
384 
8707 
8300 
7363 
2663 
2106 
4626 
7196 
2834 
3817 
1396 
6193 
6899 
6136 
1617 
9035 
5223 
47 
2566 
317 
3235 
720 
7707 
7041 
9960 
1552 
1374 
654 
8614 
4431 
659 
8580 
1957 
2970 
541 
7419 
4255 
4113 
2800 
723 
2432 
9477 
6352 
1261 
127 
4762 
8180 
4695 
9069 
1169 
9341 
1168 
1562 
7717 
4015 
2310 
2660 
4134 
9252 
1803 
5513 
3158 
5177 
5244 
852 
740 
1035 
2364 
5737 
5630 
5006 
8895 
7930 
1947 
7360 
2128 
439 
5364 
4582 
1402 
5686 
9330 
7576 
2352 
5499 
5668 
8185 
8494 
4306 
6138 
1247 
4726 
7361 
5390 
1033 
7672 
8318 
9689 
1001 
6529 
5150 
5794 
9836 
544 
7263 
8762 
6817 
3322 
8383 
9395 
2788 
3327 
475 
7642 
5358 
2509 
2437 
42 
1014 
710 
1835 
7315 
2965 
5208 
702 
6442 
2400 
6101 
4959 
5010 
6129 
3332 
6356 
295 
4044 
6603 
601 
8643 
1578 
7226 
3298 
8686 
9757 
6795 
9166 
2546 
6078 
5585 
3533 
6381 
4155 
1680 
332 
4089 
5174 
2963 
1358 
766 
7961 
2916 
7086 
1703 
3549 
501 
3114 
2135 
7638 
2867 
7065 
2932 
2306 
8871 
869 
5601 
3155 
6158 
6045 
7536 
