1000 
649 
173 
856 
44 
937 
576 
744 
350 
182 
965 
809 
383 
216 
511 
286 
458 
949 
626 
265 
938 
969 
342 
67 
616 
358 
903 
86 
422 
97 
226 
43 
506 
760 
526 
319 
662 
560 
617 
968 
224 
494 
450 
348 
981 
615 
484 
132 
372 
607 
170 
466 
277 
492 
731 
589 
4 
712 
772 
405 
748 
42 
107 
967 
65 
767 
140 
371 
570 
775 
940 
947 
391 
113 
874 
521 
78 
685 
983 
125 
136 
657 
172 
941 
155 
557 
38 
754 
997 
964 
352 
85 
624 
178 
672 
482 
412 
917 
103 
295 
580 
817 
737 
719 
37 
33 
291 
879 
898 
3 
249 
761 
475 
864 
796 
40 
951 
681 
36 
336 
275 
946 
456 
871 
53 
404 
536 
104 
77 
539 
930 
508 
735 
91 
597 
956 
610 
512 
355 
388 
805 
131 
717 
331 
529 
843 
824 
928 
379 
241 
73 
919 
833 
483 
378 
921 
83 
157 
227 
579 
362 
278 
985 
987 
303 
975 
234 
349 
421 
185 
699 
213 
446 
887 
340 
862 
74 
567 
431 
108 
196 
606 
751 
314 
890 
81 
902 
791 
443 
436 
57 
661 
854 
714 
655 
503 
755 
528 
143 
586 
499 
459 
76 
208 
992 
776 
56 
427 
974 
783 
770 
644 
600 
251 
953 
635 
167 
663 
93 
808 
495 
867 
246 
191 
189 
973 
144 
715 
399 
667 
739 
991 
724 
374 
474 
250 
573 
47 
886 
690 
729 
440 
416 
238 
880 
98 
725 
192 
296 
334 
869 
785 
100 
345 
386 
554 
559 
432 
713 
69 
603 
75 
206 
369 
757 
244 
363 
705 
668 
826 
417 
839 
279 
79 
471 
384 
590 
293 
698 
225 
110 
900 
220 
720 
846 
51 
515 
842 
587 
300 
306 
257 
858 
54 
354 
642 
175 
575 
677 
327 
72 
798 
261 
183 
530 
660 
933 
10 
154 
653 
553 
628 
454 
784 
318 
269 
982 
562 
835 
613 
488 
723 
652 
122 
402 
619 
312 
205 
838 
307 
500 
22 
996 
935 
693 
695 
752 
680 
952 
330 
800 
61 
789 
411 
740 
746 
706 
463 
344 
309 
202 
102 
848 
212 
470 
408 
159 
472 
382 
335 
121 
199 
360 
912 
771 
242 
115 
311 
683 
596 
692 
773 
870 
852 
218 
806 
152 
682 
970 
367 
578 
31 
637 
633 
549 
568 
215 
268 
764 
58 
797 
403 
721 
679 
782 
822 
534 
34 
420 
718 
467 
656 
176 
777 
41 
308 
26 
885 
149 
889 
270 
749 
94 
413 
697 
654 
435 
158 
356 
671 
932 
82 
133 
23 
9 
863 
519 
139 
260 
447 
904 
658 
766 
409 
46 
240 
243 
877 
112 
605 
830 
859 
262 
639 
558 
126 
255 
566 
816 
120 
63 
984 
193 
571 
80 
552 
259 
645 
49 
147 
962 
923 
551 
542 
24 
910 
584 
221 
524 
707 
840 
150 
6 
380 
292 
702 
572 
944 
711 
727 
501 
169 
876 
850 
993 
230 
17 
410 
264 
728 
765 
162 
803 
961 
518 
337 
30 
130 
273 
480 
465 
194 
598 
323 
978 
943 
128 
958 
742 
883 
925 
779 
820 
141 
810 
210 
117 
650 
836 
464 
688 
204 
473 
116 
181 
736 
753 
866 
608 
778 
366 
533 
786 
794 
455 
247 
861 
347 
438 
324 
229 
881 
532 
357 
675 
936 
316 
389 
868 
12 
156 
505 
445 
821 
304 
990 
320 
893 
793 
119 
916 
895 
5 
847 
669 
818 
263 
648 
620 
343 
939 
18 
540 
537 
253 
823 
745 
184 
231 
507 
994 
406 
313 
489 
325 
569 
971 
163 
153 
643 
430 
433 
441 
509 
574 
972 
920 
926 
478 
497 
684 
634 
248 
545 
629 
801 
884 
948 
909 
285 
687 
424 
548 
35 
461 
395 
520 
486 
328 
135 
145 
233 
989 
359 
950 
166 
844 
310 
627 
659 
70 
0 
955 
792 
618 
168 
550 
827 
531 
674 
911 
370 
908 
177 
25 
670 
52 
448 
716 
966 
831 
27 
696 
256 
14 
641 
804 
387 
442 
201 
763 
535 
469 
564 
415 
338 
373 
959 
924 
142 
963 
101 
114 
834 
123 
686 
722 
429 
988 
774 
787 
487 
929 
407 
437 
451 
385 
828 
321 
425 
730 
434 
223 
84 
758 
726 
361 
188 
180 
28 
375 
678 
462 
283 
896 
299 
160 
504 
288 
68 
20 
333 
48 
673 
332 
301 
353 
733 
87 
565 
290 
11 
59 
390 
266 
187 
514 
646 
377 
577 
235 
186 
15 
588 
841 
922 
738 
857 
556 
457 
522 
2 
137 
376 
665 
394 
449 
381 
491 
905 
769 
174 
276 
209 
979 
297 
118 
942 
71 
493 
960 
837 
105 
496 
976 
799 
315 
894 
365 
217 
284 
305 
45 
622 
111 
741 
214 
245 
906 
396 
8 
272 
666 
611 
592 
750 
368 
428 
498 
802 
252 
1 
762 
401 
92 
237 
582 
865 
16 
986 
55 
788 
280 
638 
89 
689 
439 
444 
479 
50 
161 
882 
179 
703 
625 
581 
541 
423 
708 
364 
351 
829 
148 
207 
585 
630 
980 
106 
734 
294 
700 
90 
254 
39 
640 
329 
481 
397 
651 
460 
780 
490 
623 
901 
29 
200 
913 
709 
164 
704 
561 
219 
676 
516 
271 
64 
888 
317 
281 
419 
476 
875 
190 
513 
795 
426 
595 
239 
197 
604 
998 
19 
691 
62 
999 
995 
274 
945 
151 
523 
109 
7 
99 
236 
414 
694 
66 
138 
759 
632 
614 
845 
477 
302 
593 
228 
485 
563 
756 
873 
899 
647 
957 
768 
95 
418 
812 
811 
813 
544 
855 
60 
591 
392 
701 
546 
609 
510 
891 
346 
621 
129 
601 
897 
860 
13 
211 
710 
853 
88 
393 
934 
232 
468 
747 
790 
222 
525 
398 
21 
298 
878 
594 
502 
195 
918 
287 
914 
400 
547 
282 
814 
819 
203 
599 
851 
134 
815 
555 
954 
931 
538 
907 
171 
915 
892 
127 
743 
872 
452 
32 
146 
927 
631 
602 
517 
96 
289 
664 
977 
807 
322 
732 
612 
849 
326 
825 
258 
267 
781 
341 
832 
198 
165 
636 
124 
453 
543 
339 
583 
527 
