1000 
624 
719 
464 
182 
230 
73 
999 
282 
395 
802 
445 
126 
949 
710 
616 
507 
2 
78 
276 
476 
873 
643 
323 
858 
414 
103 
871 
943 
721 
138 
945 
295 
497 
16 
58 
225 
546 
501 
726 
459 
409 
398 
749 
212 
981 
427 
666 
403 
623 
20 
284 
960 
339 
66 
920 
367 
617 
709 
938 
117 
269 
254 
155 
202 
274 
801 
223 
893 
566 
680 
768 
466 
786 
471 
995 
855 
857 
322 
102 
519 
279 
635 
485 
602 
865 
18 
4 
240 
811 
340 
383 
504 
732 
526 
480 
931 
334 
405 
388 
607 
513 
729 
787 
456 
572 
224 
888 
492 
580 
293 
114 
594 
462 
586 
389 
785 
183 
298 
966 
483 
665 
820 
272 
227 
9 
968 
413 
972 
878 
613 
88 
443 
228 
985 
371 
500 
216 
148 
452 
40 
649 
134 
560 
900 
26 
615 
654 
549 
17 
909 
94 
692 
396 
424 
821 
534 
769 
579 
885 
890 
993 
541 
360 
166 
187 
297 
527 
989 
849 
142 
919 
143 
426 
737 
901 
392 
699 
304 
241 
438 
420 
876 
754 
425 
846 
60 
197 
977 
872 
430 
122 
780 
294 
843 
387 
55 
23 
935 
243 
686 
987 
626 
236 
632 
6 
347 
950 
703 
478 
614 
428 
439 
296 
386 
249 
502 
305 
736 
345 
168 
886 
319 
299 
52 
196 
547 
119 
447 
980 
903 
852 
922 
741 
508 
83 
830 
50 
261 
715 
372 
800 
408 
110 
641 
189 
262 
479 
15 
879 
156 
461 
173 
806 
381 
766 
379 
807 
399 
644 
752 
107 
714 
106 
288 
948 
460 
907 
238 
222 
633 
965 
193 
348 
270 
242 
7 
484 
739 
449 
562 
281 
828 
201 
255 
488 
953 
782 
19 
657 
818 
997 
515 
133 
75 
174 
946 
309 
926 
433 
331 
693 
112 
280 
583 
831 
705 
930 
563 
836 
765 
530 
361 
273 
132 
184 
104 
432 
743 
835 
681 
79 
343 
600 
609 
536 
760 
165 
469 
511 
867 
905 
313 
352 
283 
267 
89 
290 
716 
814 
124 
593 
974 
391 
244 
753 
329 
826 
86 
529 
983 
694 
595 
569 
115 
748 
465 
253 
720 
564 
636 
260 
68 
370 
215 
660 
589 
834 
840 
32 
200 
402 
887 
149 
777 
139 
498 
883 
470 
940 
131 
648 
181 
799 
628 
664 
489 
457 
842 
366 
324 
698 
543 
976 
458 
51 
320 
929 
493 
8 
738 
473 
817 
791 
944 
555 
685 
520 
998 
544 
815 
127 
113 
928 
697 
612 
991 
237 
552 
655 
916 
252 
742 
221 
690 
915 
627 
356 
896 
731 
422 
559 
67 
232 
647 
875 
684 
54 
195 
226 
947 
330 
891 
673 
844 
982 
770 
688 
797 
125 
246 
33 
495 
545 
662 
924 
400 
49 
590 
205 
59 
74 
854 
656 
38 
435 
856 
793 
733 
248 
416 
822 
160 
833 
510 
203 
764 
162 
213 
375 
750 
798 
908 
93 
421 
206 
639 
175 
234 
266 
832 
394 
847 
792 
80 
146 
357 
190 
618 
554 
363 
208 
676 
784 
487 
990 
229 
845 
567 
505 
767 
638 
256 
877 
176 
683 
289 
570 
336 
285 
91 
120 
661 
95 
553 
619 
571 
419 
751 
913 
209 
771 
314 
145 
247 
672 
521 
163 
773 
441 
153 
423 
354 
28 
779 
758 
30 
713 
365 
958 
278 
606 
735 
808 
911 
525 
728 
937 
604 
481 
524 
704 
151 
369 
575 
70 
934 
503 
46 
180 
306 
932 
310 
494 
214 
959 
265 
581 
682 
819 
608 
923 
158 
759 
171 
621 
667 
573 
167 
796 
332 
556 
651 
548 
630 
788 
861 
730 
303 
746 
824 
942 
264 
531 
1 
914 
816 
437 
268 
25 
451 
910 
350 
514 
629 
359 
756 
218 
772 
917 
154 
377 
674 
645 
954 
141 
170 
678 
300 
185 
961 
809 
257 
506 
957 
217 
882 
27 
446 
992 
87 
116 
0 
695 
450 
397 
486 
417 
159 
61 
921 
599 
275 
939 
346 
795 
862 
927 
933 
864 
813 
373 
71 
757 
415 
349 
803 
550 
477 
109 
839 
783 
292 
825 
584 
823 
442 
24 
271 
967 
380 
711 
188 
44 
474 
880 
658 
727 
342 
42 
90 
164 
99 
578 
5 
326 
496 
72 
587 
178 
22 
76 
259 
231 
362 
137 
344 
147 
671 
717 
37 
620 
881 
453 
745 
601 
251 
108 
918 
351 
577 
77 
659 
669 
82 
848 
936 
763 
84 
378 
475 
734 
325 
161 
220 
338 
640 
53 
468 
245 
790 
701 
411 
374 
706 
622 
157 
177 
902 
700 
591 
136 
870 
307 
14 
859 
646 
250 
150 
597 
364 
48 
650 
652 
892 
65 
994 
561 
448 
653 
762 
642 
312 
952 
724 
538 
588 
755 
899 
941 
152 
884 
866 
418 
964 
404 
10 
568 
605 
718 
512 
335 
956 
355 
12 
537 
582 
869 
895 
56 
850 
140 
219 
286 
874 
805 
463 
98 
677 
775 
851 
315 
708 
973 
499 
263 
353 
121 
812 
522 
45 
984 
670 
328 
491 
302 
34 
43 
776 
722 
482 
101 
539 
744 
431 
407 
689 
596 
204 
725 
970 
69 
235 
41 
889 
258 
691 
64 
625 
406 
317 
385 
13 
333 
707 
523 
978 
789 
327 
192 
179 
979 
436 
576 
838 
194 
853 
434 
210 
277 
535 
410 
412 
565 
207 
969 
533 
971 
860 
3 
637 
829 
39 
687 
429 
781 
774 
128 
47 
211 
233 
321 
988 
311 
390 
63 
186 
611 
668 
518 
631 
532 
675 
287 
634 
557 
696 
723 
810 
542 
169 
123 
912 
239 
105 
528 
975 
778 
316 
472 
118 
35 
393 
951 
100 
863 
337 
454 
111 
11 
85 
794 
384 
904 
382 
740 
199 
897 
92 
96 
130 
401 
516 
963 
574 
440 
31 
358 
509 
291 
318 
129 
712 
747 
962 
551 
198 
62 
341 
558 
925 
603 
455 
467 
841 
996 
837 
804 
827 
894 
517 
301 
144 
702 
898 
191 
97 
540 
376 
172 
585 
444 
21 
955 
36 
368 
490 
868 
906 
761 
57 
610 
29 
308 
592 
81 
986 
663 
135 
679 
598 
