10000 
5951 
5783 
614 
9003 
8447 
7253 
2638 
1755 
6011 
5278 
5970 
6147 
6634 
8728 
6536 
5914 
9665 
3115 
7606 
6629 
5635 
9104 
1355 
4096 
6499 
6924 
4318 
9525 
2289 
1178 
6335 
4653 
5033 
8439 
4296 
3964 
4597 
467 
5600 
3447 
861 
8593 
7148 
3337 
7905 
3837 
880 
8392 
7407 
8522 
4062 
1197 
1742 
7326 
7027 
6127 
1411 
9074 
1275 
6705 
8835 
6432 
2141 
9736 
4515 
6303 
4745 
2847 
6851 
2821 
7026 
3321 
3762 
2441 
2908 
2265 
5482 
1274 
1688 
3164 
4556 
4949 
3951 
3776 
4697 
8181 
120 
5309 
6943 
7375 
3262 
8977 
2236 
1150 
5326 
2105 
3614 
2762 
9672 
8927 
429 
1585 
9037 
6656 
7638 
2469 
6117 
7797 
6647 
2208 
4182 
2620 
6715 
8979 
695 
293 
9636 
1107 
5883 
4705 
4094 
1396 
1146 
344 
2160 
4688 
7004 
4431 
8582 
8553 
1145 
534 
3281 
2356 
3241 
7923 
7218 
8127 
5994 
6475 
6067 
3722 
3511 
3966 
9849 
5028 
334 
3238 
1039 
7138 
8633 
7662 
4712 
2327 
7481 
5173 
4308 
2748 
4599 
5261 
9841 
1584 
1740 
5266 
557 
2576 
8817 
9691 
5882 
2128 
4457 
3845 
6152 
9711 
2995 
7118 
1086 
2930 
8130 
7614 
6156 
6427 
6272 
7224 
6240 
8616 
7553 
4170 
3109 
1452 
8969 
4834 
6374 
186 
269 
2418 
5623 
8106 
310 
6963 
4526 
3180 
6836 
1884 
9939 
836 
4023 
1011 
4818 
2614 
7471 
6775 
2667 
6275 
6683 
7852 
3577 
6662 
3344 
5030 
7185 
7656 
7083 
9732 
2626 
7889 
9144 
7136 
9246 
4751 
7618 
8634 
7782 
446 
5158 
763 
8402 
4193 
7001 
6461 
9904 
7843 
2080 
9561 
953 
9875 
594 
3645 
7120 
352 
2791 
4936 
2783 
680 
977 
8623 
8621 
4086 
9373 
4449 
6028 
451 
3023 
1989 
8573 
6553 
9085 
3228 
4637 
4249 
7146 
7676 
9060 
5926 
6560 
5564 
8847 
6339 
2986 
5008 
8662 
5049 
2136 
1689 
7323 
3385 
5519 
7758 
2978 
9792 
8502 
9568 
1192 
313 
209 
1987 
5200 
8861 
3552 
2712 
8176 
3256 
6914 
439 
7041 
6169 
7728 
479 
7729 
9920 
1621 
8626 
3289 
481 
4970 
3905 
7984 
5588 
4395 
5202 
1703 
7284 
7792 
1248 
1850 
9437 
3129 
3540 
9971 
7360 
9356 
8758 
1294 
7576 
484 
3165 
2497 
4568 
9346 
524 
9693 
7761 
5376 
9287 
6139 
6949 
9758 
1555 
642 
2079 
253 
4980 
3752 
3167 
9573 
1881 
9444 
3261 
9932 
9611 
5168 
4814 
4459 
5012 
4092 
9542 
84 
9235 
2604 
7437 
1886 
8328 
1603 
7674 
2256 
3397 
9124 
7384 
9471 
7464 
6185 
3142 
3125 
1136 
653 
49 
4299 
7220 
7684 
1015 
8580 
3273 
4269 
8768 
1915 
182 
709 
4472 
2453 
7416 
7236 
6586 
8649 
7827 
9214 
7334 
6539 
4758 
2727 
6254 
3840 
9589 
7955 
175 
5022 
2863 
2917 
2173 
2434 
8532 
8025 
6123 
4833 
8802 
8008 
4787 
8160 
4803 
7783 
6862 
5434 
7569 
9630 
53 
5990 
8669 
177 
3522 
1659 
9856 
7495 
2387 
5904 
6790 
3676 
5898 
9702 
5409 
5739 
2732 
1477 
2763 
339 
6161 
5023 
1583 
268 
4144 
6365 
2942 
4225 
5419 
3586 
8409 
2429 
7550 
305 
1246 
1530 
5472 
5663 
5557 
2738 
3403 
1350 
5249 
8062 
6081 
3111 
4367 
111 
8825 
7982 
3784 
6435 
9683 
7153 
8204 
3066 
2726 
4915 
3895 
3495 
6557 
8007 
9076 
8601 
8550 
574 
5865 
7828 
4592 
6979 
5605 
4060 
6881 
9493 
8295 
6494 
2137 
6892 
6828 
9654 
8617 
1684 
7985 
6968 
9315 
2557 
3491 
9910 
1073 
761 
7853 
5555 
2078 
2274 
2754 
6352 
5612 
9187 
1044 
8211 
1282 
6013 
5991 
4839 
3347 
7167 
458 
4424 
6048 
7650 
4050 
2233 
6457 
6327 
4082 
2601 
8269 
1571 
404 
839 
3146 
2252 
7861 
5619 
7409 
9404 
1472 
4605 
1312 
7040 
5722 
6931 
6049 
259 
5931 
8909 
9506 
4968 
8294 
6653 
8159 
7696 
5907 
5554 
3305 
4966 
6791 
5597 
8734 
605 
2528 
9168 
2720 
7311 
6712 
2873 
4765 
6289 
5832 
3917 
8083 
8366 
6875 
8749 
5452 
1329 
6003 
3075 
1304 
7209 
4069 
5938 
6601 
6250 
7724 
78 
6016 
4929 
3720 
9532 
329 
588 
2482 
1260 
208 
1539 
4584 
3515 
8120 
324 
9081 
424 
8117 
2374 
4785 
3134 
1541 
3888 
4183 
3287 
4071 
5389 
7608 
2204 
7663 
4993 
8996 
5506 
4292 
5091 
2949 
8612 
2980 
6257 
6744 
4777 
8970 
9381 
1969 
2729 
3539 
7931 
859 
4680 
471 
260 
7998 
51 
9409 
3204 
2759 
9955 
2489 
4567 
5987 
415 
8914 
9609 
7735 
9476 
5305 
2096 
2931 
5182 
8133 
3736 
5998 
9326 
1059 
5879 
2636 
8238 
3416 
905 
6278 
8403 
6091 
1262 
34 
1426 
5274 
1067 
4467 
4043 
1748 
2578 
5742 
9673 
4012 
3910 
6688 
4129 
9024 
5638 
6286 
6672 
4458 
9575 
472 
7077 
3082 
8051 
6590 
4261 
7114 
4847 
2741 
8172 
8585 
7648 
50 
2232 
8346 
8149 
2376 
5747 
5421 
8492 
4055 
7666 
8300 
5787 
913 
1965 
7547 
5545 
3085 
5867 
9317 
8005 
459 
1577 
3557 
4389 
9628 
4748 
5103 
2344 
4453 
1243 
1591 
1394 
8064 
4682 
6525 
7390 
5569 
6868 
2749 
9663 
3249 
5287 
7720 
5382 
6042 
1642 
3471 
1404 
5693 
4866 
9301 
4654 
2401 
6870 
2672 
2600 
1728 
8421 
7915 
1594 
9206 
604 
8902 
3160 
7831 
781 
2559 
4232 
3988 
3810 
8998 
9703 
1847 
1931 
5715 
3647 
9807 
3363 
8237 
631 
1373 
1458 
6018 
1922 
9567 
7881 
2897 
1993 
8424 
5808 
5602 
1988 
4104 
2174 
2436 
5488 
1624 
3362 
5618 
9729 
7930 
4200 
9251 
8113 
5977 
4304 
8345 
2026 
5944 
8581 
4374 
6878 
6576 
6190 
2575 
5667 
5754 
8028 
1531 
838 
7999 
8170 
2114 
9803 
1482 
4959 
2678 
4994 
6886 
5450 
6219 
7455 
8769 
9391 
5069 
6781 
3297 
2906 
9047 
2408 
2396 
1360 
5186 
8175 
3663 
8571 
4610 
6762 
3203 
6501 
8281 
6990 
790 
4634 
4829 
2680 
678 
2329 
7096 
6735 
5838 
5731 
5051 
5500 
7468 
4799 
8168 
295 
8329 
4720 
3001 
1310 
8757 
4541 
2465 
2390 
1483 
3832 
8936 
831 
5095 
2412 
3192 
7921 
6292 
9834 
9011 
1388 
2306 
9120 
7974 
1640 
6298 
3759 
4011 
9753 
7262 
5327 
7651 
4879 
7436 
1335 
5989 
4347 
152 
9814 
2182 
7762 
4118 
4272 
3728 
2392 
2423 
6095 
978 
8774 
8171 
7417 
2041 
6253 
5791 
3141 
3893 
1655 
4869 
6664 
5829 
3384 
691 
8846 
740 
4376 
3653 
1581 
7997 
8871 
4632 
3724 
5334 
745 
2852 
4384 
6900 
3424 
8923 
8040 
5351 
6913 
9700 
6698 
7753 
4767 
6413 
7619 
1774 
6375 
1791 
8541 
5457 
5310 
8318 
5094 
6206 
7065 
8474 
9963 
5627 
4482 
3399 
8223 
2888 
1359 
1793 
7110 
3990 
5997 
7925 
7879 
6812 
9320 
9843 
3003 
1293 
6651 
3026 
4831 
2755 
6055 
4553 
7579 
4410 
7573 
6493 
6391 
6485 
2370 
8507 
5710 
7522 
6433 
2795 
1782 
6380 
726 
7158 
5948 
7631 
9408 
3643 
6823 
2411 
3475 
8779 
496 
3740 
7085 
9982 
9571 
4103 
4809 
3012 
3891 
349 
9895 
5927 
8354 
2021 
2069 
2850 
9205 
3655 
2713 
5111 
5373 
6220 
2476 
7700 
518 
1664 
5771 
724 
6226 
5876 
2623 
2616 
4665 
5860 
5958 
4018 
9362 
5449 
2833 
1051 
1106 
7825 
556 
7028 
8512 
2912 
4659 
3579 
3963 
27 
2377 
5255 
850 
6689 
3521 
3051 
3594 
2792 
617 
9415 
9129 
2916 
8597 
5844 
1731 
8641 
5573 
7081 
4015 
2326 
1601 
6897 
3353 
6282 
4930 
4001 
8331 
2499 
4539 
4490 
6734 
597 
9262 
8705 
7193 
7731 
1311 
3935 
9804 
5678 
2539 
2889 
8138 
8742 
9115 
5185 
4904 
6244 
9311 
2164 
7249 
2288 
3976 
9957 
5792 
4566 
2296 
2960 
1564 
4805 
8255 
4620 
1120 
465 
4004 
5420 
1849 
5301 
9360 
7863 
435 
138 
2857 
7335 
9546 
5177 
9600 
3931 
8566 
3915 
6893 
3208 
7402 
9428 
706 
8521 
6357 
6861 
8535 
8427 
4484 
2281 
8273 
7804 
6040 
4547 
5936 
1158 
6505 
3501 
6955 
4990 
7751 
5827 
5518 
9980 
6690 
7273 
7312 
2770 
9519 
1928 
7432 
7091 
9613 
7913 
8367 
1505 
144 
4554 
2211 
6649 
6470 
923 
1193 
6981 
2781 
126 
3523 
2740 
9940 
6741 
7615 
5577 
8463 
3599 
1194 
3921 
8539 
1162 
6416 
5055 
5233 
4098 
5584 
3470 
9941 
164 
2902 
4775 
8324 
5980 
8429 
5010 
9937 
4037 
1709 
8811 
4619 
3071 
5655 
5187 
2231 
7612 
5582 
8718 
1328 
2138 
4689 
3732 
5843 
8408 
8982 
8505 
2261 
7601 
3637 
2695 
7591 
2655 
4352 
3246 
412 
9537 
3307 
4587 
9411 
6509 
4635 
8564 
5511 
9598 
1100 
8034 
6007 
9369 
6051 
3768 
4694 
7708 
8556 
7628 
2107 
5730 
6447 
2163 
6151 
1091 
6405 
7283 
2804 
2648 
3156 
8397 
1132 
97 
117 
9481 
2611 
6481 
9981 
7570 
8089 
8080 
6038 
7633 
7192 
6641 
2132 
7459 
6597 
2426 
2341 
338 
8404 
1563 
6458 
347 
3333 
8419 
7181 
8609 
8043 
646 
1525 
6376 
5215 
3332 
9375 
6853 
7632 
6585 
4685 
4336 
1797 
8648 
4263 
7741 
7750 
8161 
6528 
307 
79 
1578 
8690 
1901 
8110 
9985 
5814 
5868 
5541 
5106 
6911 
5934 
3716 
2779 
4065 
6184 
9522 
4066 
4776 
7636 
5044 
9423 
1787 
1685 
5320 
513 
9286 
7560 
6112 
3368 
8248 
4393 
4836 
677 
6993 
6625 
9252 
8042 
3488 
5720 
5653 
3838 
7144 
4127 
4804 
4788 
5945 
7163 
2139 
4059 
1923 
7582 
3980 
7659 
5714 
4383 
5037 
6930 
8383 
1646 
5026 
5462 
1867 
8115 
2512 
6769 
707 
463 
2457 
6919 
2067 
803 
8376 
8074 
7285 
2178 
7616 
3278 
5460 
7415 
8780 
1956 
8561 
4303 
3206 
7745 
1932 
3794 
919 
5502 
384 
9651 
5441 
7867 
1510 
9396 
897 
8976 
797 
6358 
8038 
9739 
6194 
908 
5539 
2077 
6131 
2093 
7449 
8145 
5967 
3603 
860 
1781 
6241 
6098 
7811 
3047 
7313 
2920 
1903 
1348 
2882 
6273 
9078 
635 
4719 
9995 
6682 
3172 
2486 
6211 
6256 
3757 
3112 
3513 
5864 
8713 
3849 
8884 
4217 
9106 
4897 
1876 
2540 
9837 
7139 
3608 
3482 
1016 
4265 
9590 
9088 
1234 
9812 
9599 
4227 
1629 
2154 
956 
7702 
1744 
8076 
7352 
5179 
2652 
9255 
3489 
6080 
8264 
4614 
5971 
6780 
840 
9108 
1272 
6530 
2549 
5501 
2473 
3299 
4381 
6757 
3053 
2550 
2000 
4158 
9748 
7055 
8504 
5034 
1369 
6903 
7641 
7368 
6768 
4040 
2788 
8349 
620 
1432 
9725 
4538 
7621 
7005 
780 
9420 
5793 
545 
2674 
3580 
3258 
2360 
5985 
3700 
2159 
7275 
8881 
6966 
818 
7280 
8900 
6209 
6747 
8661 
4444 
4137 
8459 
8588 
6695 
7847 
5851 
7682 
335 
5929 
566 
3731 
9392 
169 
8417 
5877 
3595 
56 
5359 
6367 
7054 
912 
3646 
1325 
8441 
8054 
4944 
4251 
8910 
3232 
1001 
2973 
3138 
922 
7835 
8803 
4446 
2686 
7408 
1983 
3290 
9072 
386 
8882 
9322 
1980 
844 
3352 
1557 
8470 
6315 
9425 
6699 
6203 
1078 
6022 
3601 
5257 
3707 
5315 
1012 
3311 
9186 
8364 
4380 
1450 
7090 
6267 
3093 
2556 
1806 
261 
7707 
8071 
6021 
9757 
7104 
6918 
6299 
3358 
3766 
7679 
9027 
7870 
8674 
6799 
6524 
1155 
4243 
3378 
2445 
9524 
7173 
8326 
9042 
6033 
3530 
9659 
8049 
1967 
9610 
5522 
5782 
9161 
7498 
2339 
3485 
3356 
7351 
7929 
4257 
4491 
3532 
6748 
531 
895 
1708 
7737 
1972 
8009 
2244 
573 
1038 
2957 
526 
9123 
9419 
316 
5614 
3400 
787 
8514 
4525 
35 
2818 
9887 
845 
4327 
3514 
106 
4432 
1345 
4126 
1880 
5669 
3187 
108 
9549 
868 
3277 
5306 
652 
9705 
6439 
8243 
393 
4010 
4136 
4941 
4732 
9052 
5930 
1554 
2659 
848 
9952 
2590 
7946 
9066 
4840 
6110 
4130 
1006 
9141 
6332 
5738 
5302 
3201 
5113 
7754 
3126 
7723 
2135 
5852 
6372 
3252 
1196 
6686 
4426 
5981 
1104 
4313 
4356 
9331 
9760 
645 
8719 
3797 
6676 
5473 
6469 
4493 
9059 
9754 
4660 
1126 
9465 
1227 
1002 
7301 
6785 
1695 
1453 
7217 
823 
3267 
5979 
7629 
6466 
799 
4427 
6322 
6506 
7605 
8037 
5729 
9718 
3432 
1255 
4102 
4531 
547 
1037 
7327 
7374 
8271 
3570 
5077 
157 
7504 
4146 
3137 
3387 
1257 
9818 
7057 
477 
3940 
1562 
8123 
9953 
4240 
532 
3868 
6927 
7858 
5728 
7470 
2855 
9296 
1741 
7410 
7564 
6814 
5781 
3985 
4867 
8744 
7798 
136 
8351 
8405 
1979 
3116 
2773 
2911 
1739 
8729 
928 
1986 
9649 
6037 
1229 
6029 
1026 
8084 
6666 
8278 
225 
5260 
8240 
7966 
3642 
904 
297 
4058 
3591 
44 
9769 
9499 
6783 
8830 
2910 
2993 
5060 
8665 
1263 
4463 
2310 
5915 
8290 
5965 
7830 
9068 
3210 
4967 
7381 
3318 
4189 
3113 
6239 
8658 
6508 
4487 
8876 
5625 
3892 
8808 
5679 
5841 
2725 
946 
4454 
94 
7924 
6061 
2207 
6808 
7808 
1829 
139 
1647 
377 
7223 
6207 
8304 
8093 
862 
7775 
4290 
4195 
5925 
6503 
3764 
2122 
2152 
6534 
7340 
893 
1605 
5403 
1935 
1167 
9794 
6857 
5347 
5622 
2830 
8827 
391 
7592 
3313 
8032 
6085 
9767 
2629 
1701 
2679 
4411 
3422 
5004 
2634 
1457 
455 
7838 
6709 
9306 
2731 
6815 
6578 
1959 
5796 
9378 
9328 
9878 
8559 
3754 
8937 
1060 
1866 
2562 
9597 
7396 
5583 
2188 
9515 
7901 
8985 
5115 
5531 
2756 
964 
6359 
5446 
5576 
7337 
5466 
5834 
6172 
9876 
5134 
3927 
3509 
2591 
9290 
2901 
8509 
9624 
7212 
7119 
1971 
1221 
456 
8053 
3605 
7884 
8710 
1287 
3734 
9783 
563 
6788 
4810 
7970 
2757 
8804 
4301 
7210 
7909 
4796 
544 
8721 
2170 
6308 
989 
7151 
5471 
8185 
3466 
9183 
4496 
3083 
1413 
8670 
1156 
7006 
6484 
6569 
6843 
6024 
9280 
8873 
8344 
6907 
4365 
8714 
2144 
1754 
7080 
7987 
673 
7046 
4108 
1165 
7079 
7520 
8246 
9361 
2249 
932 
4288 
1317 
1836 
4995 
8454 
8125 
8152 
9021 
1269 
9601 
6268 
2522 
3497 
1919 
3971 
7589 
9472 
6921 
7288 
1085 
2076 
611 
4842 
4825 
4543 
6296 
8529 
3190 
7106 
5759 
7502 
7450 
8554 
6714 
2319 
2283 
7800 
6228 
970 
5875 
4357 
2037 
7493 
7394 
8232 
5390 
5654 
90 
6094 
1865 
1424 
6249 
2831 
5553 
8478 
5920 
7517 
5570 
7160 
5406 
1807 
3310 
3756 
9435 
9627 
4532 
6453 
8203 
1425 
7951 
592 
5237 
1722 
1618 
983 
5264 
7642 
7698 
3551 
4830 
4483 
5080 
1043 
5394 
5497 
1242 
6111 
9337 
2175 
5899 
6953 
7113 
3941 
9790 
1023 
876 
8173 
5540 
6660 
5706 
7695 
715 
4418 
4848 
47 
2669 
9261 
4905 
2915 
9395 
4239 
6491 
6468 
6732 
9518 
4545 
447 
3008 
5624 
5455 
3743 
7568 
8784 
2940 
4326 
211 
7433 
9827 
7456 
4883 
5961 
5343 
656 
3316 
4807 
2415 
6032 
9898 
2313 
2999 
2430 
2300 
5878 
6567 
326 
2516 
8792 
5674 
6487 
8188 
5025 
2317 
3251 
8265 
2400 
6348 
1918 
2610 
2468 
5153 
8879 
8987 
7590 
5146 
9566 
4056 
9019 
559 
1105 
2195 
7056 
1466 
7191 
9112 
3952 
8515 
3538 
5649 
786 
2974 
6920 
6474 
2896 
1365 
2023 
3889 
7600 
4314 
4889 
9312 
565 
1859 
5191 
9117 
5281 
1361 
8942 
7842 
6338 
6620 
2165 
8400 
9127 
1878 
9150 
8321 
6276 
2291 
4075 
5802 
5412 
9893 
3357 
6202 
9946 
7534 
7169 
3581 
7454 
2656 
382 
7677 
1376 
6063 
8635 
3150 
9958 
5339 
8959 
1099 
1620 
2606 
2432 
4673 
5464 
5448 
9086 
6511 
9793 
971 
2342 
4860 
9805 
801 
8851 
4192 
5839 
4806 
9226 
1474 
4946 
3626 
7087 
6088 
7233 
7694 
6767 
5514 
5110 
886 
9933 
6621 
6168 
3638 
5790 
2660 
1414 
5855 
6392 
2777 
996 
9686 
8548 
189 
746 
1471 
3712 
322 
8428 
3825 
4609 
9559 
4020 
3205 
114 
6798 
6719 
6638 
2427 
815 
1914 
9459 
1380 
6933 
5032 
2115 
3550 
1118 
658 
7330 
7540 
2714 
1188 
8257 
266 
5316 
1770 
3541 
4107 
7278 
9397 
1187 
7373 
8391 
6189 
8444 
4859 
9759 
1344 
6957 
1040 
3877 
2183 
166 
4295 
936 
6710 
4302 
296 
8131 
9033 
3407 
7279 
8511 
4057 
6994 
7102 
1266 
3145 
3711 
2215 
8017 
3698 
3809 
2049 
7021 
6443 
5161 
4872 
8854 
1964 
589 
9119 
3183 
311 
3041 
2402 
9440 
8508 
8966 
6412 
5697 
3673 
5544 
3855 
7176 
6831 
7183 
9836 
2622 
9448 
1644 
578 
3440 
8878 
6618 
5423 
9173 
4422 
5170 
8380 
8986 
7154 
3108 
1487 
643 
1096 
8874 
3886 
2350 
3932 
4608 
3147 
3035 
8461 
2102 
4203 
9165 
9780 
434 
9163 
2662 
8855 
9176 
2216 
1366 
7289 
2241 
871 
5005 
3588 
7749 
1846 
3658 
1814 
6379 
9773 
88 
1271 
8314 
9114 
3294 
8738 
2108 
417 
3271 
3104 
5572 
8214 
131 
729 
8551 
1020 
6235 
2084 
1493 
2073 
3200 
3072 
8863 
4476 
2784 
7296 
9102 
7170 
357 
8167 
4511 
1198 
6262 
1154 
9100 
3880 
1332 
7257 
8193 
9128 
7549 
5755 
9394 
9220 
445 
1535 
5932 
1481 
7443 
5532 
8432 
2202 
5858 
1036 
1508 
1902 
8592 
2956 
3587 
183 
979 
1000 
2196 
8490 
1704 
3913 
5083 
6742 
3694 
6039 
8921 
3633 
1339 
214 
6334 
194 
6384 
6089 
7419 
1669 
793 
7989 
4366 
7810 
7127 
8381 
4236 
5523 
5294 
6940 
5586 
4728 
4562 
5986 
6465 
4731 
7637 
8895 
5896 
5365 
3590 
5757 
5607 
2824 
1873 
5395 
1718 
7125 
107 
2334 
2019 
5352 
5806 
1468 
1887 
1119 
8519 
1590 
3029 
8563 
8065 
6883 
9028 
9865 
9809 
6026 
4681 
2239 
6729 
6212 
394 
9580 
7435 
190 
4931 
2383 
8224 
6700 
542 
954 
9508 
8493 
1066 
4789 
666 
3912 
6099 
1313 
286 
292 
1122 
5862 
4747 
837 
8972 
1899 
9193 
8700 
8135 
6482 
4650 
9751 
1157 
6400 
5399 
7826 
5483 
2603 
6301 
6642 
4684 
7060 
8301 
7299 
8094 
7658 
399 
3131 
3285 
5892 
3508 
804 
5520 
708 
2772 
1298 
5617 
5418 
6134 
1626 
8788 
4977 
1800 
997 
4934 
940 
1747 
2003 
2965 
5283 
2840 
4378 
2053 
7738 
5799 
603 
6460 
1720 
4696 
1007 
1115 
6195 
8252 
4188 
9096 
240 
1757 
2409 
4247 
4721 
4330 
1982 
6912 
5208 
5417 
8990 
7318 
6498 
8864 
210 
934 
3875 
6842 
9089 
4361 
4287 
6160 
5887 
2542 
7888 
3388 
9913 
599 
364 
3308 
6803 
5262 
6450 
4821 
1407 
5767 
9234 
4512 
9039 
9083 
3020 
6805 
1281 
8332 
8234 
2109 
1202 
8838 
3848 
7413 
5548 
5212 
6154 
4286 
2081 
7752 
5978 
3524 
1950 
8619 
137 
8197 
5119 
3943 
8843 
7270 
5027 
3306 
3259 
999 
6097 
1214 
7316 
9900 
7405 
2425 
9367 
1633 
4938 
234 
2258 
5872 
4790 
7164 
6126 
2056 
5495 
9826 
16 
667 
6740 
1029 
9340 
1445 
5385 
340 
8781 
9943 
6215 
8046 
7787 
9872 
8072 
551 
303 
4370 
8217 
7841 
2431 
5525 
1337 
7736 
4816 
3674 
1220 
6632 
9443 
4695 
2787 
9470 
2157 
9366 
3758 
3528 
2534 
7635 
7208 
9293 
1760 
3234 
2399 
9840 
9441 
6631 
3689 
3185 
8118 
493 
2177 
2270 
1042 
6480 
8630 
3556 
7920 
8698 
5019 
5779 
6932 
9527 
921 
4109 
5880 
4084 
6855 
9475 
109 
6336 
9236 
7343 
3429 
9698 
9915 
1267 
5751 
7743 
3295 
3446 
735 
6370 
4513 
2413 
7440 
1608 
3644 
2536 
7372 
3938 
2456 
1550 
2511 
7097 
8320 
3916 
3406 
2922 
4441 
244 
8528 
2284 
8567 
2681 
6043 
9434 
4590 
4271 
9285 
3936 
4735 
1063 
1981 
8584 
4602 
9094 
5057 
6174 
7956 
277 
6684 
4254 
7451 
6108 
3827 
2989 
7717 
6144 
3014 
279 
7317 
4041 
9245 
163 
3039 
4300 
4606 
1375 
133 
4640 
3974 
6227 
6158 
2572 
2816 
6448 
7778 
6879 
5813 
5890 
7704 
1916 
4294 
8109 
5889 
9951 
8024 
2813 
7508 
5342 
7324 
7101 
7771 
3573 
4485 
2130 
8756 
1558 
7722 
4561 
6411 
9707 
4996 
6835 
6864 
3863 
4666 
4896 
2744 
6347 
1674 
7107 
494 
6188 
8799 
4542 
3456 
9488 
7188 
7544 
4780 
3862 
3166 
9495 
5633 
6764 
3624 
4957 
6507 
3381 
1459 
9655 
2063 
1768 
2325 
1751 
8311 
9765 
3465 
3063 
4734 
5311 
5181 
2521 
1226 
7322 
1910 
7556 
8253 
1831 
150 
2829 
5789 
4823 
6645 
1877 
1826 
8342 
5536 
8706 
1354 
1716 
7538 
9185 
6821 
5484 
7697 
3120 
2691 
9706 
7294 
246 
3158 
952 
1604 
7103 
4150 
7725 
5353 
9002 
3574 
8795 
4157 
6813 
6563 
8230 
346 
527 
7379 
6974 
3607 
4090 
3354 
9288 
5400 
6520 
4564 
994 
1316 
7588 
3779 
1641 
3839 
8761 
2586 
7116 
7630 
9341 
8371 
9513 
1794 
3662 
5711 
5676 
824 
262 
1700 
3044 
3525 
6562 
5489 
5884 
9907 
9456 
237 
7130 
281 
5017 
9466 
1259 
1575 
5672 
1772 
6307 
9054 
8116 
6580 
2051 
5996 
7458 
492 
7422 
6696 
8178 
4913 
2876 
48 
1081 
4053 
1160 
2398 
752 
5552 
9587 
3481 
1617 
3503 
3191 
8785 
5911 
3159 
9040 
3366 
3568 
6973 
2529 
483 
6882 
3341 
6711 
3894 
26 
1627 
21 
3254 
6046 
7268 
4607 
7942 
7988 
2943 
2688 
9063 
9930 
5398 
1996 
4160 
7770 
4178 
3177 
7971 
5159 
6652 
7347 
7701 
806 
5666 
9772 
7759 
8306 
6495 
4277 
1110 
8964 
2692 
1500 
8055 
8279 
4369 
2405 
320 
9896 
8542 
2807 
6047 
418 
3527 
1947 
7367 
1937 
8520 
3625 
7994 
634 
5821 
5551 
2874 
8398 
4340 
4025 
3803 
7785 
3535 
4641 
6713 
4737 
5405 
9147 
9377 
3834 
931 
2728 
7772 
9538 
6304 
4284 
8287 
4502 
8416 
1686 
6441 
7018 
3197 
4923 
4914 
502 
2673 
8476 
505 
1762 
5535 
3714 
228 
6840 
8122 
9462 
6106 
9612 
5885 
8069 
5703 
7282 
82 
9050 
3811 
7251 
5169 
9297 
2693 
9897 
7486 
4443 
5468 
8852 
4898 
6280 
5673 
3902 
8691 
8958 
8430 
1409 
4901 
6720 
4969 
4097 
4955 
5240 
8471 
3274 
3133 
719 
3925 
9697 
4664 
6102 
238 
8602 
6970 
1870 
2747 
3196 
426 
25 
8659 
2584 
6674 
92 
129 
8226 
5003 
31 
5144 
4371 
7892 
9908 
9460 
9077 
4475 
7548 
6237 
2458 
9272 
8611 
8132 
395 
2150 
8186 
4220 
2059 
1952 
2796 
4110 
4686 
1083 
7370 
8056 
5959 
118 
8350 
1777 
9137 
4413 
8707 
4669 
2367 
1842 
8249 
6515 
2382 
3004 
9647 
9699 
924 
4779 
8862 
8282 
4176 
9816 
1113 
3391 
8743 
1419 
2690 
7049 
7182 
2359 
5125 
7364 
1898 
2991 
9927 
1367 
8822 
6232 
1440 
116 
6519 
5263 
884 
9152 
4101 
9891 
6150 
1832 
199 
4481 
4039 
7128 
9692 
135 
9030 
9586 
3737 
4861 
9931 
4328 
560 
8357 
9477 
1900 
6324 
6467 
202 
8458 
3750 
8809 
5848 
8692 
3623 
1418 
7815 
1195 
7657 
2710 
2072 
8184 
4049 
8103 
3110 
7594 
3872 
489 
255 
987 
3857 
2481 
1176 
7718 
6186 
3449 
198 
9121 
6349 
1719 
8949 
9881 
9172 
9679 
9676 
918 
436 
6221 
407 
6479 
2094 
4523 
2758 
9577 
2891 
6679 
602 
6179 
6355 
3293 
9619 
9723 
7803 
309 
1613 
1970 
3909 
8496 
7688 
8575 
6680 
6573 
8220 
5476 
4242 
3873 
1382 
3967 
4179 
6572 
778 
6305 
7524 
1297 
969 
5662 
8011 
1237 
328 
8124 
867 
7445 
2302 
4404 
5465 
5853 
8604 
9432 
6988 
9087 
9332 
9652 
8831 
6977 
4979 
5784 
1353 
8048 
9382 
9877 
5939 
1595 
8068 
3593 
3907 
9986 
4074 
596 
3300 
8453 
9529 
7555 
5067 
1270 
101 
3805 
9633 
6738 
8378 
2583 
3946 
9487 
5718 
390 
4876 
3692 
686 
6859 
5765 
158 
7699 
8704 
3826 
5300 
3370 
5493 
4122 
2464 
7398 
5082 
5011 
8365 
4661 
7986 
2454 
8531 
5734 
854 
3493 
2734 
9349 
1134 
4396 
3334 
6107 
1649 
6137 
9781 
9675 
626 
5090 
4031 
8775 
1946 
1561 
7076 
1717 
1888 
8039 
4843 
2570 
8446 
3288 
9828 
6736 
4663 
1061 
8442 
3460 
1973 
6082 
774 
1476 
2780 
4612 
6025 
7202 
6005 
9041 
3824 
8819 
7781 
4346 
6761 
2866 
5475 
1053 
9416 
5973 
4477 
9257 
8339 
6192 
1349 
7386 
3929 
8389 
9151 
3483 
4264 
2574 
6201 
8948 
3949 
9579 
7681 
5949 
7869 
8026 
9401 
1199 
2062 
3377 
7431 
4068 
7346 
9244 
5479 
3982 
6630 
5245 
4148 
3772 
4591 
5952 
149 
1224 
6845 
4250 
835 
362 
1009 
5273 
6337 
8924 
7673 
8299 
5550 
9338 
6650 
9279 
5773 
6960 
1370 
3948 
7822 
1607 
4506 
7339 
8460 
7203 
2437 
6425 
4752 
7671 
2260 
1300 
104 
4920 
6579 
9305 
7345 
5626 
3542 
8308 
4124 
1958 
1403 
8663 
3904 
373 
2625 
8823 
7243 
4116 
8894 
9775 
8844 
6945 
2939 
8353 
0 
59 
9534 
1706 
8229 
8163 
9405 
9625 
2002 
2577 
712 
264 
1790 
2316 
9300 
5291 
3045 
9016 
8334 
3747 
6096 
5416 
6371 
252 
1687 
7038 
5223 
8730 
4234 
6001 
3631 
6087 
7871 
1018 
662 
7388 
9648 
7331 
847 
6208 
9171 
4717 
1285 
6093 
3583 
1680 
7683 
7462 
6707 
3395 
9284 
4181 
4019 
9005 
430 
6877 
5746 
86 
4117 
8100 
7189 
6191 
8625 
7941 
5424 
8614 
1046 
4576 
1963 
3899 
272 
7799 
9842 
8919 
3788 
7362 
930 
3016 
966 
647 
2971 
9656 
2352 
9983 
4864 
5543 
1097 
371 
122 
7232 
1978 
5587 
6985 
4417 
4224 
5029 
9319 
9639 
4165 
2234 
6118 
1656 
4123 
6889 
7214 
5238 
9090 
1092 
1527 
1763 
546 
1129 
6910 
2883 
9645 
4964 
9719 
2312 
8800 
2494 
5919 
1639 
6848 
5744 
2134 
9934 
6136 
9607 
9642 
644 
1295 
1828 
6248 
3163 
5397 
2737 
3325 
8000 
6972 
8859 
9727 
3376 
4350 
967 
5288 
618 
231 
8849 
4072 
7198 
6198 
8044 
1712 
4134 
1985 
8875 
2823 
7037 
2361 
9868 
9330 
8837 
6125 
165 
2675 
5141 
8302 
8647 
5105 
3149 
2699 
9616 
1798 
1174 
7246 
1034 
4648 
7395 
944 
6961 
1586 
4500 
1095 
2480 
2886 
8555 
1280 
5652 
4857 
3058 
887 
388 
1374 
6602 
3099 
4226 
5340 
3666 
1484 
9785 
730 
6784 
2871 
3144 
1673 
4863 
9669 
6130 
6323 
692 
7171 
5174 
7902 
5404 
7776 
217 
227 
1444 
9879 
1296 
9036 
284 
8047 
3945 
9178 
8974 
1465 
3 
7219 
863 
1058 
3884 
330 
6100 
2683 
9975 
9403 
7442 
3517 
74 
6035 
275 
9771 
7938 
2913 
6271 
499 
2810 
8128 
3101 
6854 
1560 
9536 
5566 
58 
5603 
1406 
7802 
3612 
7221 
6283 
6214 
8887 
9324 
3596 
8242 
2058 
9574 
125 
9858 
4868 
5585 
3435 
690 
3009 
3739 
8765 
4218 
7686 
315 
6959 
7069 
9961 
7639 
3175 
5328 
3741 
530 
7832 
9496 
7851 
4997 
3404 
7583 
8082 
2654 
9500 
1517 
7157 
9264 
4133 
3338 
5246 
5001 
2340 
6603 
3343 
1948 
2928 
3600 
6820 
520 
3836 
3671 
5631 
851 
950 
24 
1869 
9658 
1698 
8112 
3291 
5154 
1357 
3820 
2633 
1874 
8618 
7050 
6068 
7366 
3802 
1614 
4856 
1663 
3774 
699 
2005 
8396 
7355 
5913 
7527 
5368 
5241 
4047 
8993 
7910 
8565 
5689 
2671 
4892 
3696 
4501 
6832 
3715 
7667 
6132 
7480 
5459 
3062 
7011 
7111 
4802 
495 
7357 
1992 
8833 
1693 
3657 
3168 
2666 
9224 
5268 
4925 
1737 
325 
9211 
385 
5304 
6259 
206 
5681 
4161 
3578 
5811 
7514 
7814 
2898 
6595 
2375 
8073 
5329 
7418 
508 
9569 
758 
170 
7983 
8473 
9582 
2120 
4548 
8485 
8673 
3369 
448 
9925 
8812 
3059 
7463 
5116 
6121 
3027 
9784 
5658 
5840 
5740 
6995 
4794 
6415 
6737 
8973 
7995 
3531 
7150 
1515 
4544 
400 
4917 
5118 
1599 
8016 
8239 
1789 
7216 
46 
2803 
6440 
7823 
2507 
6928 
5107 
3136 
2663 
3324 
4153 
5533 
1435 
3660 
4881 
5073 
4274 
9497 
2587 
8583 
9899 
5695 
5562 
9678 
1667 
9945 
3269 
6989 
3017 
4573 
6128 
4044 
1109 
9026 
827 
4753 
9547 
9240 
6725 
8850 
4972 
6564 
3213 
9637 
5062 
2250 
5332 
6693 
4202 
2009 
6667 
5736 
9845 
6436 
6633 
2263 
3184 
4091 
5271 
8045 
4149 
655 
4399 
6176 
5252 
1653 
5 
9606 
389 
1408 
7669 
1210 
4402 
8292 
7898 
5474 
5508 
5594 
5692 
1844 
1805 
572 
9694 
2422 
8912 
2520 
5437 
5203 
8166 
4348 
5131 
9053 
4283 
4616 
6776 
4252 
2653 
6581 
5467 
3042 
6476 
4958 
7849 
2879 
2466 
2704 
1302 
8840 
4363 
7213 
5794 
9680 
1377 
829 
9250 
1648 
2609 
8019 
5956 
3087 
5492 
5515 
6182 
71 
1855 
4093 
8369 
6243 
8192 
7563 
6086 
1940 
8596 
4749 
8088 
8477 
8763 
3815 
7516 
1488 
2433 
8668 
8836 
5521 
5556 
2613 
1384 
9343 
1430 
5194 
5745 
3549 
7744 
2774 
7678 
5099 
4121 
6255 
196 
6165 
4801 
6429 
3572 
4322 
4474 
3615 
7874 
7466 
5542 
1205 
9390 
1301 
3415 
3263 
6898 
8162 
8980 
2156 
8431 
327 
3298 
935 
7937 
6850 
3651 
6444 
2025 
5435 
9070 
3654 
392 
7577 
9938 
1882 
8569 
9833 
8720 
6915 
7429 
5800 
147 
6568 
7777 
8119 
3958 
5307 
6588 
1431 
1288 
2566 
2463 
8031 
8632 
7292 
9882 
6454 
3659 
6544 
9717 
3222 
9342 
9177 
3329 
3639 
5061 
9967 
5812 
2082 
9822 
6565 
998 
312 
5963 
7092 
5199 
4006 
9268 
3345 
1168 
6030 
5968 
7546 
5494 
265 
5634 
9431 
4099 
73 
8018 
7265 
1358 
3753 
7559 
8143 
4762 
9557 
45 
9056 
8104 
1215 
6114 
354 
702 
222 
9489 
7304 
9166 
8288 
3392 
9603 
5007 
5341 
767 
7473 
3078 
501 
1909 
1177 
1707 
9664 
8228 
4168 
7306 
4392 
9494 
9269 
8263 
4937 
5716 
8628 
4403 
6420 
1390 
1490 
4235 
5396 
3091 
6876 
6574 
4140 
3211 
6181 
1538 
6792 
2116 
985 
4307 
2832 
4273 
8303 
1368 
7067 
8640 
1142 
7137 
9640 
4115 
8892 
5528 
8374 
6852 
8134 
5431 
8213 
5921 
8356 
1852 
2997 
903 
1750 
1764 
9242 
9480 
1917 
768 
4368 
9735 
3080 
6929 
8423 
3705 
8814 
1658 
5335 
3151 
958 
6180 
4822 
660 
2106 
3858 
7965 
8003 
1733 
6058 
5735 
7721 
5809 
2546 
3389 
2161 
449 
4894 
6758 
7836 
2598 
914 
5698 
4219 
6478 
5101 
1245 
6540 
2083 
6510 
287 
9175 
7711 
3944 
7734 
4386 
5629 
5717 
7521 
7934 
2719 
7622 
6885 
7947 
5157 
4919 
7603 
8546 
567 
9973 
4875 
2608 
5349 
6105 
409 
812 
6887 
7140 
6663 
2333 
7043 
965 
676 
2573 
1 
7854 
5975 
1021 
6092 
4 
4280 
8189 
4407 
167 
7465 
8199 
5699 
3582 
4372 
5295 
6888 
636 
3856 
475 
5590 
4172 
7795 
6140 
7245 
8276 
3924 
4927 
2853 
9926 
6909 
7025 
8675 
156 
687 
5659 
7992 
5750 
4630 
5014 
5684 
7665 
5881 
689 
4572 
8085 
9799 
1028 
7446 
8660 
4674 
155 
7196 
1765 
5803 
9677 
2368 
5957 
9712 
789 
482 
1638 
9681 
4690 
6057 
7859 
3954 
6306 
4162 
9661 
5356 
5688 
6078 
4034 
5837 
769 
1552 
5903 
1492 
2862 
6171 
9184 
3459 
4035 
5043 
3640 
5992 
3609 
9709 
363 
4976 
2472 
8999 
5565 
7848 
8418 
2820 
5845 
3398 
6363 
1920 
1032 
4645 
6552 
6668 
5142 
5137 
7201 
2851 
7668 
1284 
9752 
9490 
8394 
1276 
5063 
9521 
6869 
2885 
906 
938 
9623 
7960 
5453 
4414 
713 
3960 
3123 
8870 
6542 
8495 
6800 
443 
1378 
7907 
6341 
4469 
3986 
5324 
3947 
9298 
2275 
7430 
3533 
7586 
2982 
1813 
1924 
4248 
6706 
2927 
6265 
3775 
8530 
7850 
4678 
5058 
1415 
5098 
33 
8547 
6313 
7022 
6607 
5632 
8922 
9043 
3554 
4163 
30 
2428 
3697 
4729 
4319 
4415 
5507 
8907 
2841 
9436 
4156 
2926 
6846 
5413 
4594 
9864 
2435 
5563 
2899 
5762 
2645 
808 
9142 
982 
4297 
5608 
6437 
3793 
8440 
4279 
3235 
5749 
4911 
9247 
5636 
5380 
3801 
4939 
4820 
9232 
3081 
8731 
5228 
7082 
350 
9153 
6270 
9761 
6592 
7310 
2794 
2257 
1616 
9684 
5018 
2742 
5526 
3969 
2525 
1173 
4916 
6230 
9098 
6342 
7653 
337 
8694 
4437 
7361 
8310 
5639 
3365 
3461 
4962 
1035 
4540 
3302 
5485 
9454 
4016 
3992 
917 
1856 
4323 
3765 
4726 
3025 
5232 
7949 
5778 
2028 
3401 
8636 
4948 
7235 
4425 
6497 
7973 
2419 
9730 
9414 
4387 
9015 
8711 
9380 
3476 
9608 
2006 
7747 
2854 
5874 
6386 
2214 
5451 
7497 
7412 
8289 
8925 
2496 
8991 
598 
8475 
5432 
1189 
8671 
2582 
9209 
8645 
2597 
5354 
6149 
8227 
3006 
7716 
2696 
6996 
1238 
4838 
5234 
5486 
6589 
5955 
8932 
1209 
8929 
1231 
890 
2948 
2835 
8209 
5050 
3567 
8486 
9811 
9194 
1570 
3346 
6806 
2743 
3973 
343 
5805 
9998 
741 
875 
615 
6830 
6318 
9271 
5190 
900 
7492 
7786 
8901 
2440 
796 
9449 
5079 
2621 
894 
9406 
5646 
9451 
4715 
9368 
54 
9061 
1816 
4954 
5346 
1592 
9218 
4112 
6917 
9344 
8330 
9782 
3202 
4196 
6531 
8097 
8770 
3098 
1906 
2155 
9118 
2362 
8151 
2844 
3977 
8931 
1082 
1521 
1050 
8338 
2735 
7756 
4912 
5818 
8624 
4978 
5100 
5366 
9227 
633 
9929 
6944 
3883 
290 
379 
6746 
2394 
3486 
478 
9884 
2502 
4643 
5962 
9217 
3675 
5381 
3320 
9275 
1449 
3983 
8701 
5490 
7996 
2477 
5993 
5337 
6010 
291 
2877 
7231 
4173 
7147 
3247 
7793 
4700 
6360 
8148 
8451 
7441 
6648 
212 
9064 
9167 
4390 
5857 
8362 
5644 
6072 
4738 
9848 
9829 
5807 
6582 
7155 
7714 
6673 
9778 
368 
2113 
3236 
5013 
5825 
1524 
9535 
5571 
2632 
8305 
9704 
7344 
7587 
6604 
6906 
8762 
3512 
245 
9000 
7444 
233 
2588 
4268 
6770 
7033 
4222 
8435 
7287 
9469 
5933 
8179 
3181 
4027 
1138 
2548 
1565 
6430 
9653 
2856 
9988 
6064 
4793 
8250 
4710 
7571 
7320 
6872 
9263 
718 
7876 
9159 
3458 
2555 
8856 
2987 
57 
8155 
9017 
2245 
8685 
9954 
9130 
1523 
2036 
188 
4603 
4486 
8708 
6146 
2640 
468 
4275 
4595 
3804 
5505 
2992 
20 
8917 
3519 
7354 
1622 
4429 
5894 
9968 
5640 
9384 
9510 
4770 
537 
9474 
8891 
6153 
4624 
3148 
1047 
6739 
7706 
5491 
8789 
3874 
9131 
8946 
1815 
119 
7205 
4499 
8425 
3585 
3785 
270 
181 
6074 
5236 
5842 
8920 
2753 
3492 
1299 
5333 
2223 
4046 
5178 
8848 
7967 
8322 
425 
3417 
855 
3319 
8957 
200 
7319 
5331 
1534 
4167 
4853 
2278 
9584 
9688 
7019 
204 
6310 
9701 
9543 
7036 
8481 
1835 
4813 
523 
8608 
1446 
3782 
4282 
5712 
1580 
4398 
4197 
2491 
95 
9355 
8343 
7952 
414 
4991 
67 
2068 
2553 
3777 
879 
7528 
98 
8918 
5126 
3315 
3119 
9854 
359 
498 
6421 
7857 
1598 
7860 
8136 
5225 
7434 
2033 
6802 
8393 
8962 
1822 
564 
9602 
2923 
4808 
2478 
1522 
5581 
6124 
2117 
8225 
5042 
8455 
3086 
7016 
8865 
5226 
1103 
901 
6471 
9950 
8620 
9058 
3253 
5379 
1181 
1632 
4675 
1528 
9749 
5171 
650 
8886 
4024 
3467 
7093 
6329 
6936 
8413 
1463 
7484 
2124 
4702 
2805 
1069 
951 
5835 
659 
765 
5798 
6351 
1892 
5384 
8794 
8020 
1879 
1891 
7765 
9143 
9795 
258 
4509 
3611 
6716 
140 
4450 
6316 
8772 
8733 
9604 
3499 
8487 
7073 
2295 
146 
3114 
6794 
6238 
3769 
6958 
4699 
3918 
2213 
6677 
3789 
3061 
5705 
9145 
5164 
3879 
6991 
4344 
179 
7840 
8687 
3559 
6290 
1441 
785 
9045 
5702 
6000 
9049 
8139 
6849 
5591 
9225 
5768 
6722 
6020 
6319 
6925 
7784 
3139 
197 
469 
2366 
9689 
5776 
7052 
3427 
7904 
9095 
4683 
9046 
8187 
7865 
533 
2527 
7483 
7469 
3279 
6670 
4281 
4258 
9909 
9846 
7121 
5516 
2338 
3394 
7475 
3317 
3576 
7271 
1486 
1933 
9253 
4586 
3922 
4291 
4760 
1346 
9012 
5984 
4317 
4570 
7427 
7609 
2524 
870 
2644 
1363 
3453 
5272 
4817 
7070 
4351 
1140 
9241 
957 
205 
2985 
5696 
3231 
4325 
5888 
154 
5362 
3903 
2449 
4551 
7964 
9726 
8516 
145 
1166 
9148 
6434 
9755 
6514 
942 
8372 
8638 
1780 
8079 
5725 
298 
5546 
7378 
2158 
2647 
9339 
1423 
754 
4709 
6824 
201 
8598 
6464 
9970 
8307 
3543 
4524 
9228 
8021 
738 
8945 
8121 
7400 
7812 
2721 
2305 
9682 
6281 
6488 
1121 
7655 
3852 
2219 
4030 
83 
6658 
8622 
7819 
5048 
4510 
2324 
7166 
6827 
2035 
674 
8897 
2809 
878 
2328 
6143 
4373 
3266 
1200 
7134 
4214 
9433 
1904 
4051 
8359 
2812 
4394 
5269 
5024 
700 
8091 
8655 
4893 
8092 
4494 
4871 
800 
1383 
1542 
4201 
9318 
5763 
4237 
2870 
3169 
8479 
4400 
6401 
2269 
1495 
323 
7298 
7099 
488 
3375 
3372 
1216 
1677 
4623 
2198 
5650 
8526 
2203 
8078 
519 
3989 
4306 
8717 
6935 
3897 
1258 
9964 
4233 
3140 
7940 
3013 
9504 
4435 
2034 
4768 
7595 
1326 
8934 
4320 
7397 
256 
4534 
7575 
6549 
3548 
3991 
1894 
1025 
9452 
3835 
1697 
2282 
8057 
3961 
6529 
8786 
8797 
1180 
8815 
5774 
5866 
9768 
3981 
3037 
7981 
9447 
2859 
4455 
739 
1925 
4311 
1130 
3090 
2641 
8693 
438 
1507 
8880 
7944 
6083 
8805 
3188 
9526 
6637 
826 
3920 
2167 
3242 
2444 
6599 
9389 
5630 
5677 
2961 
4253 
5943 
9617 
9084 
142 
3867 
9860 
4625 
4618 
9350 
7733 
8361 
3419 
6896 
1984 
632 
3919 
1462 
5444 
9259 
6948 
5613 
5547 
6749 
4038 
8866 
1543 
8807 
4615 
600 
9313 
9035 
1623 
5850 
7712 
4546 
6756 
2098 
6050 
2012 
9327 
2385 
7277 
1469 
6159 
9629 
2046 
4085 
2061 
8750 
6598 
2228 
3479 
1489 
9182 
5558 
3706 
9990 
9764 
8574 
2909 
1494 
2460 
685 
5321 
8395 
6789 
4973 
8360 
9857 
4191 
1839 
2624 
6090 
2054 
3096 
2055 
2951 
2907 
1551 
5922 
4408 
7024 
3301 
3502 
3620 
7482 
1778 
8033 
2523 
2226 
779 
4998 
3194 
9266 
5243 
1322 
506 
9544 
2294 
8105 
5642 
9289 
3441 
6561 
8782 
6687 
5870 
8557 
9274 
442 
5680 
9299 
9422 
2403 
3529 
9850 
6926 
2200 
8703 
2532 
2761 
5290 
5753 
3068 
6175 
6904 
9548 
3069 
7338 
6052 
5589 
4559 
4849 
2811 
6787 
5422 
8293 
2271 
5937 
2280 
9446 
5369 
6162 
9170 
8853 
5748 
2337 
7300 
6084 
4800 
9786 
6178 
1397 
8108 
457 
4505 
1773 
6583 
3250 
7957 
6438 
1723 
1447 
8806 
8736 
4975 
3283 
7229 
6516 
8337 
8988 
8375 
2594 
6982 
1191 
6023 
7727 
7156 
7767 
1324 
8747 
4828 
9690 
7109 
5053 
8813 
7 
1393 
4460 
9110 
5657 
538 
2517 
5733 
4778 
1303 
4621 
7519 
5830 
3457 
1124 
5391 
4727 
1159 
6242 
2972 
5002 
3665 
4583 
9136 
1171 
3314 
351 
8639 
2151 
6692 
9486 
2746 
5824 
7266 
8195 
8518 
4943 
4436 
5788 
7105 
5074 
555 
7014 
3054 
5942 
341 
1721 
5873 
2050 
9917 
8752 
1442 
7760 
2254 
4508 
3367 
9079 
2504 
3121 
1872 
8898 
3911 
9025 
3721 
4014 
6606 
123 
5983 
4241 
6702 
5016 
784 
6946 
3405 
8956 
2363 
6763 
5209 
2581 
8965 
6451 
462 
7303 
5700 
4766 
9588 
8839 
1144 
3822 
1506 
8877 
5147 
7566 
6251 
317 
5270 
5741 
5795 
3652 
2185 
5224 
2646 
6463 
929 
2205 
3282 
8241 
1730 
6615 
1593 
6743 
7200 
5561 
9233 
2793 
7906 
6502 
4956 
4100 
6627 
1840 
4223 
1319 
8576 
1612 
9888 
1309 
8926 
1080 
4266 
1587 
2373 
3161 
2798 
1727 
9010 
361 
8468 
3220 
902 
8099 
1761 
7529 
5109 
254 
3036 
2100 
3628 
1218 
1589 
7602 
7122 
7652 
2322 
5723 
9593 
4434 
4210 
1320 
2438 
4718 
3536 
8938 
5828 
5820 
1803 
5066 
1809 
8536 
9162 
365 
3065 
1574 
7420 
2932 
3323 
5895 
5928 
1049 
8607 
239 
7457 
2277 
582 
8908 
6321 
9413 
6008 
1824 
2571 
1182 
1729 
6431 
3693 
3322 
1473 
4298 
9200 
3619 
2004 
9894 
1228 
3505 
1756 
9230 
3561 
6678 
9722 
5312 
8061 
9482 
8527 
7020 
4903 
2407 
6060 
1070 
2981 
6406 
584 
3703 
1183 
6817 
497 
1033 
4017 
6294 
6774 
9445 
734 
8245 
2091 
7174 
7234 
6858 
1273 
476 
9468 
8060 
1443 
8688 
4950 
6992 
1041 
5086 
486 
9696 
6396 
1628 
1233 
7489 
7066 
3795 
7404 
2751 
4385 
1315 
9354 
9427 
6115 
1089 
8067 
5719 
55 
4052 
2513 
6166 
5891 
8904 
6718 
2918 
4064 
3885 
4421 
1796 
3199 
2605 
8678 
1094 
4345 
2639 
8994 
6999 
6548 
7976 
926 
5250 
171 
2558 
842 
9948 
7936 
7387 
8890 
6902 
1999 
8867 
9622 
2118 
2013 
3709 
9067 
9844 
4503 
6142 
2293 
4529 
6730 
9249 
1438 
6613 
3930 
3597 
103 
203 
441 
3328 
3906 
5088 
5172 
402 
6269 
75 
9158 
4125 
7878 
9873 
100 
3434 
1333 
4858 
5361 
3443 
6472 
6452 
7088 
9801 
2834 
3480 
5478 
8426 
2938 
3733 
833 
909 
6141 
3462 
2162 
6626 
798 
7715 
2890 
782 
5277 
5628 
3007 
1785 
5683 
4900 
2567 
1201 
3562 
6701 
6277 
5481 
1994 
3500 
1858 
2286 
8760 
5009 
9370 
2262 
7953 
7774 
6346 
4692 
7399 
9125 
1149 
9258 
7098 
7503 
5297 
7333 
2526 
6681 
5443 
7023 
70 
4375 
5350 
2235 
5691 
1863 
9509 
7095 
7769 
8469 
9485 
4701 
4175 
8672 
8992 
7274 
8538 
6522 
1410 
4497 
3790 
9347 
7336 
5330 
5786 
1504 
3411 
1398 
5593 
6492 
6880 
3024 
4703 
5047 
9716 
2861 
2032 
6856 
6419 
218 
9348 
8676 
151 
9870 
9994 
8052 
294 
3056 
1861 
6825 
722 
3713 
8930 
8989 
623 
3742 
8773 
8737 
9512 
8933 
552 
5524 
2612 
8845 
5323 
8971 
3800 
671 
2237 
2964 
3773 
5425 
4536 
7044 
3592 
6260 
1533 
2129 
7165 
8755 
8315 
5964 
4988 
6537 
8723 
453 
9874 
2958 
3979 
1356 
3506 
570 
8041 
581 
7086 
6947 
4693 
9978 
226 
514 
8629 
3613 
5139 
7241 
10 
9641 
2979 
5059 
7969 
6600 
8798 
2797 
5143 
6196 
450 
4114 
6669 
2769 
89 
1681 
2039 
8212 
1670 
1556 
358 
7291 
8869 
8960 
9743 
5917 
4947 
8183 
5070 
1938 
8968 
6402 
8030 
2092 
6691 
3296 
9906 
6014 
3225 
1318 
4655 
2064 
8712 
8154 
6954 
9097 
9197 
2724 
4029 
1808 
7240 
3672 
7993 
2946 
3103 
1566 
1853 
1549 
3869 
283 
5076 
747 
490 
4999 
6874 
2839 
7895 
9671 
7917 
8913 
9750 
2048 
3193 
9393 
9886 
910 
888 
6760 
2042 
2538 
2027 
8906 
8595 
2708 
6462 
5974 
2186 
8336 
2443 
9190 
6577 
883 
4851 
1072 
9273 
7537 
7945 
684 
4649 
7013 
4507 
8834 
810 
1864 
6261 
3212 
413 
4530 
3507 
6726 
87 
606 
1694 
1128 
8513 
2192 
5999 
4928 
7872 
3393 
5102 
728 
2133 
1830 
7094 
3865 
8316 
8022 
7719 
1540 
4428 
7078 
7143 
3117 
9530 
5609 
9492 
548 
4626 
1436 
6362 
4448 
273 
3900 
2817 
6073 
1184 
6890 
7794 
1024 
113 
843 
5737 
3303 
8726 
2047 
4560 
750 
5463 
1265 
3046 
1783 
7184 
3084 
6361 
9831 
5156 
607 
3436 
9838 
9374 
4159 
571 
500 
5905 
2479 
6809 
1661 
1817 
3105 
4769 
8915 
3496 
4423 
8740 
1512 
7959 
1454 
4981 
6311 
7644 
8258 
1672 
717 
6417 
9708 
7806 
1951 
5253 
9635 
9763 
115 
4579 
3606 
575 
7448 
4187 
9815 
4204 
8262 
6640 
6816 
2697 
9023 
6728 
130 
9643 
7406 
9122 
3216 
3490 
4908 
242 
7199 
2343 
5167 
3876 
3510 
3996 
2335 
8157 
6045 
7307 
3702 
4741 
1657 
5192 
5797 
9195 
8684 
2602 
7887 
2180 
7491 
1087 
5155 
8285 
6575 
5675 
5363 
2637 
8525 
2 
1573 
1911 
8015 
8842 
355 
8667 
7009 
720 
2089 
2446 
1690 
8791 
1509 
8868 
3634 
3373 
945 
5592 
6616 
7075 
1055 
6964 
587 
356 
5579 
5216 
8722 
3817 
2447 
9107 
5924 
6019 
219 
216 
9605 
4647 
6624 
1125 
9921 
18 
4557 
7272 
7789 
4221 
6786 
7356 
1290 
2768 
2485 
5314 
8589 
4652 
2103 
7961 
6987 
6418 
5433 
9082 
2825 
2101 
1651 
8370 
9839 
6636 
4756 
3170 
1568 
7159 
2201 
3670 
7596 
9138 
9551 
9556 
1553 
3504 
721 
2040 
2347 
7805 
2826 
15 
1347 
5704 
1434 
1343 
7377 
3379 
2894 
8407 
9922 
491 
7382 
8727 
9051 
1678 
3641 
3265 
2149 
2220 
4111 
1637 
4338 
6777 
7228 
7518 
4761 
5641 
5052 
2346 
6554 
4119 
4870 
3414 
3122 
7598 
7178 
278 
8741 
927 
6939 
7649 
4246 
8107 
8488 
1334 
6610 
7837 
627 
3223 
7977 
8599 
6556 
4171 
3901 
6231 
4206 
794 
5075 
9126 
2424 
4631 
4177 
6382 
9592 
250 
1289 
6665 
889 
8653 
9674 
8340 
2024 
6923 
9892 
4032 
3679 
941 
6247 
3455 
9989 
8681 
9386 
9666 
5647 
1256 
2311 
1004 
5770 
4899 
1788 
2095 
2541 
3154 
8012 
2658 
4343 
8260 
5819 
1203 
5849 
579 
2238 
8456 
6614 
6395 
2806 
17 
112 
3650 
6608 
3070 
4642 
3887 
7389 
7506 
3030 
2560 
397 
2815 
4184 
3028 
1056 
9576 
8466 
4746 
8236 
62 
7980 
7687 
7763 
2730 
6353 
1926 
8983 
3649 
899 
1502 
8631 
4169 
7958 
733 
4005 
7124 
6216 
1010 
5859 
4862 
184 
8590 
9810 
2900 
6847 
3695 
4795 
7807 
1223 
9292 
980 
2470 
7034 
6343 
207 
6340 
2243 
1827 
4960 
3135 
3621 
7179 
7680 
6325 
401 
2123 
8268 
4522 
1746 
3227 
3553 
2353 
4577 
5953 
5726 
8467 
1691 
4420 
590 
7585 
3351 
7290 
4276 
367 
4565 
3691 
8174 
2845 
1389 
4651 
1854 
7383 
8448 
6566 
3052 
6009 
221 
8164 
3870 
6 
9048 
5097 
9116 
6373 
2225 
1222 
9902 
2266 
2384 
1499 
6345 
7002 
1077 
2365 
9276 
9999 
410 
2878 
8570 
3681 
7617 
6414 
2551 
2596 
5645 
360 
3073 
2764 
3682 
6333 
9034 
5317 
433 
3487 
4480 
3627 
480 
8759 
9883 
2828 
7962 
7834 
6389 
2292 
9238 
6829 
1779 
3198 
5935 
8465 
8911 
5222 
289 
6551 
8434 
2085 
817 
2057 
9181 
8896 
5988 
6193 
4139 
3011 
9871 
5415 
6288 
8433 
3598 
2230 
9901 
4921 
1927 
3272 
9505 
7891 
9956 
8066 
6407 
1683 
2860 
4521 
2119 
9949 
8500 
1433 
5429 
178 
5372 
8832 
3326 
601 
3851 
2904 
9819 
2131 
6369 
9004 
9442 
4971 
9314 
9796 
8656 
60 
7968 
3841 
802 
7264 
3412 
8745 
5213 
1576 
9069 
9376 
2933 
5900 
749 
2846 
2569 
6163 
2589 
7168 
3829 
3049 
4844 
4668 
1217 
3629 
1175 
727 
8412 
8860 
4332 
6962 
1022 
2706 
4951 
3575 
4349 
9731 
974 
7453 
1834 
4601 
8903 
9062 
3077 
4430 
5402 
1841 
8587 
1427 
6148 
4339 
3426 
7535 
5477 
1738 
7421 
8274 
737 
7411 
9565 
968 
3699 
461 
535 
8594 
4438 
2018 
1857 
3079 
3312 
3270 
7286 
9111 
8650 
1064 
1643 
4245 
7254 
2530 
8767 
4987 
960 
241 
2014 
959 
4155 
374 
3336 
7531 
8296 
1726 
5815 
1769 
2545 
2287 
9387 
7882 
8323 
8940 
8739 
2410 
5040 
683 
1137 
3708 
8646 
5188 
6976 
3717 
7766 
213 
1111 
4982 
2395 
2127 
4076 
2248 
2199 
1547 
1279 
8059 
8002 
4725 
4730 
2642 
6483 
4627 
3409 
7562 
1314 
832 
7239 
7084 
3861 
1896 
276 
3107 
4798 
9695 
1225 
2299 
8014 
9550 
4611 
9728 
1412 
3923 
387 
4713 
6075 
9517 
3444 
1955 
7975 
1545 
1976 
7580 
1475 
6969 
5407 
7991 
4087 
4209 
7089 
2963 
7685 
8180 
5205 
5469 
5219 
1135 
6611 
4763 
6908 
7593 
3850 
629 
1068 
8732 
3632 
8489 
5861 
271 
7875 
4447 
834 
2782 
1819 
4256 
2935 
1286 
2836 
9006 
7886 
2268 
7350 
7206 
3994 
2421 
3808 
2924 
1625 
5426 
5651 
4151 
4212 
7624 
9156 
9157 
577 
7903 
2887 
2703 
419 
3745 
1696 
7896 
2665 
4909 
5280 
3233 
2837 
2331 
7928 
3555 
4335 
9554 
7369 
3950 
5918 
4451 
1470 
8221 
9852 
7856 
2044 
1133 
7893 
3229 
661 
9221 
3284 
3882 
8196 
7911 
2955 
3516 
6535 
7267 
7365 
3286 
342 
6041 
2355 
3342 
1496 
7939 
9914 
3402 
9528 
7039 
3564 
7145 
2519 
3926 
3348 
4933 
3021 
8457 
3425 
1235 
8709 
4061 
5869 
7675 
4704 
6312 
288 
4088 
9570 
7332 
8406 
8401 
7551 
7376 
3000 
891 
4589 
5671 
920 
1338 
2070 
13 
6754 
6655 
5410 
5377 
7693 
6054 
22 
9352 
2814 
873 
1635 
8826 
1949 
6103 
7129 
1766 
5709 
7141 
2307 
7824 
6804 
9516 
7525 
5386 
760 
2968 
4391 
5293 
759 
7900 
1497 
2206 
2593 
3219 
1448 
1057 
1327 
528 
8716 
6205 
7015 
7363 
8552 
9615 
4002 
8524 
4878 
7501 
2484 
9502 
1437 
521 
235 
5648 
3128 
7314 
5378 
2505 
1767 
3684 
5504 
7670 
1108 
2944 
8497 
1392 
788 
7315 
9323 
8858 
9282 
5220 
2998 
8472 
753 
7045 
5021 
9103 
5946 
2020 
4152 
4792 
9491 
3031 
9267 
7660 
9169 
1371 
4180 
1732 
3761 
4488 
612 
8325 
7250 
3438 
2707 
1699 
9174 
7757 
2090 
1615 
6671 
7175 
2029 
2315 
3972 
1799 
6455 
9139 
9935 
6496 
4089 
8436 
5836 
2849 
8147 
369 
3048 
2088 
7773 
5826 
9585 
1206 
9813 
220 
9555 
8686 
4078 
428 
6623 
6210 
432 
8572 
853 
1278 
8666 
72 
6079 
4974 
8950 
2351 
7472 
2967 
2799 
6753 
4445 
2685 
8233 
1934 
892 
5064 
6517 
3781 
7030 
3749 
2585 
2884 
6546 
3155 
2285 
6796 
6133 
1871 
4358 
3648 
3092 
1968 
8219 
764 
3221 
7328 
9969 
4549 
7499 
3423 
8137 
6899 
9802 
6838 
1966 
6459 
7862 
846 
993 
1660 
4764 
1702 
6571 
744 
4837 
1236 
8140 
9594 
2125 
2564 
8111 
1801 
2872 
5285 
3914 
6291 
5392 
630 
1912 
1074 
9905 
8231 
2298 
3244 
8335 
2864 
345 
864 
9270 
8499 
9979 
9458 
6721 
8261 
6399 
5195 
4773 
7610 
1991 
3544 
5229 
1977 
3778 
9222 
5509 
6778 
9179 
2184 
243 
8095 
6354 
5686 
7643 
8682 
7713 
7972 
4215 
9596 
9959 
5752 
2752 
849 
2544 
7554 
9885 
4409 
2276 
8177 
8450 
8963 
1518 
6381 
8699 
2977 
5912 
7561 
8857 
9965 
2075 
6837 
6841 
6378 
9215 
6822 
7071 
1875 
4514 
955 
6200 
7302 
3132 
5254 
3661 
2599 
8771 
3224 
12 
2592 
9014 
5775 
9265 
7978 
654 
1264 
8954 
9507 
1630 
2630 
8943 
8235 
464 
8355 
7295 
4670 
1736 
4199 
1186 
9358 
6513 
7424 
7963 
1997 
6387 
7755 
4783 
9756 
3860 
3019 
6819 
1889 
7613 
5817 
5764 
4662 
8452 
5408 
9997 
2914 
9453 
1941 
9426 
4528 
6980 
5054 
1251 
6703 
732 
6229 
4891 
9243 
9199 
4723 
1008 
3770 
5758 
7654 
6490 
585 
6326 
7358 
9302 
9618 
5162 
549 
9160 
3215 
5461 
9248 
4935 
9936 
5595 
5085 
9650 
1546 
14 
5727 
9022 
1905 
8190 
6550 
613 
9738 
1479 
141 
2176 
896 
9020 
7281 
7526 
2388 
5772 
6409 
1093 
4907 
8411 
9832 
2218 
1913 
9572 
973 
6865 
5724 
2785 
4142 
9501 
5950 
4617 
7042 
9461 
6314 
1990 
3002 
743 
4489 
4198 
2490 
9779 
76 
5121 
229 
762 
7552 
916 
5221 
7194 
9746 
4464 
8390 
7833 
828 
5756 
2371 
1838 
1960 
6071 
9710 
3060 
4067 
6998 
3738 
9798 
7269 
8194 
9038 
2455 
9869 
2217 
6053 
3546 
2676 
6424 
3195 
1714 
8537 
300 
7391 
1362 
4874 
1771 
1588 
5165 
9410 
9357 
9774 
7661 
5785 
6518 
3928 
61 
3730 
5910 
777 
9972 
3791 
4600 
8606 
5510 
4262 
9539 
907 
3520 
5214 
2996 
9479 
7371 
4216 
9213 
4791 
7730 
820 
375 
9208 
5338 
332 
3371 
5665 
558 
3786 
1460 
9325 
7845 
3799 
8222 
1579 
454 
405 
7801 
6279 
3386 
7855 
4128 
299 
2515 
4324 
5995 
3677 
1734 
43 
8348 
7305 
1548 
6070 
8899 
4691 
2279 
6584 
6811 
7692 
8591 
2580 
619 
1306 
9734 
4495 
6167 
331 
4812 
3780 
3955 
1631 
990 
1676 
8216 
529 
7403 
1503 
8201 
7047 
5210 
7108 
8010 
406 
7012 
3618 
4558 
814 
3844 
1161 
5707 
8829 
525 
9191 
7058 
7126 
2619 
9294 
4873 
1416 
2579 
1485 
8156 
4342 
7818 
1961 
3454 
1391 
8637 
1127 
5038 
2533 
742 
6766 
8247 
9560 
1239 
2349 
3448 
2778 
5578 
773 
7488 
5163 
2247 
1936 
8075 
2607 
512 
1818 
2417 
756 
9541 
628 
6006 
3518 
7477 
7225 
159 
795 
9817 
5217 
8150 
7578 
6609 
6330 
4316 
2711 
4824 
4965 
2221 
5732 
7511 
7259 
7123 
1163 
3355 
6512 
6223 
509 
6916 
5325 
8605 
2246 
5000 
5298 
2568 
191 
1172 
898 
8090 
2210 
9558 
5527 
1634 
1422 
8 
9196 
1602 
8995 
37 
7353 
3275 
7447 
5130 
8664 
1862 
991 
7237 
9281 
3382 
1212 
2506 
1428 
3843 
8577 
4940 
5360 
321 
4377 
5275 
9578 
3616 
6708 
4000 
6593 
302 
8483 
9438 
6428 
723 
772 
3937 
9365 
4580 
4440 
9880 
8333 
4819 
2297 
7844 
4593 
3437 
8270 
6971 
77 
3433 
8697 
6065 
3866 
4711 
6591 
8810 
3226 
9430 
376 
8753 
949 
8657 
5135 
2303 
3636 
7523 
5694 
4656 
2682 
9919 
5567 
5184 
370 
6264 
9204 
8872 
9198 
4364 
4537 
3162 
1609 
3473 
8600 
3617 
2905 
9745 
1710 
5072 
69 
6818 
9303 
1908 
4910 
7634 
7180 
7064 
8415 
1662 
6320 
7604 
7474 
7927 
7439 
3327 
2945 
2191 
2126 
3018 
3796 
1003 
625 
9514 
1451 
809 
422 
4007 
301 
9889 
4926 
6717 
4945 
6076 
5897 
9203 
5414 
714 
6295 
4574 
4716 
4312 
5743 
1511 
7467 
562 
5160 
2936 
2323 
2919 
4555 
6541 
858 
2786 
4880 
6559 
2240 
8615 
7359 
5941 
9962 
1456 
378 
408 
3127 
9464 
2537 
3157 
9766 
2950 
5611 
6218 
3118 
7162 
948 
2952 
911 
9853 
9720 
4552 
8961 
1860 
5242 
6782 
5780 
5065 
1464 
8523 
1895 
3074 
7748 
580 
1745 
5863 
3143 
6410 
1775 
6364 
3993 
7620 
230 
2718 
6657 
805 
6952 
1230 
7542 
2801 
5906 
8449 
3097 
1652 
9239 
6942 
2988 
3828 
372 
2488 
7932 
8883 
5036 
830 
9614 
4466 
2309 
7572 
7297 
8821 
6002 
8543 
7256 
2509 
2510 
9363 
7059 
1169 
274 
9912 
6894 
1735 
7032 
5643 
318 
4468 
8272 
6309 
2166 
9309 
6644 
9372 
4724 
1014 
9721 
670 
8955 
2153 
5196 
7423 
5089 
511 
9762 
5831 
7703 
8182 
143 
3683 
3987 
7990 
637 
5560 
8484 
8579 
23 
9638 
6731 
7539 
9595 
2941 
5183 
4736 
1995 
751 
8893 
9424 
1084 
193 
4714 
5871 
223 
6056 
2983 
8215 
5152 
5299 
4419 
869 
7211 
1519 
4895 
4145 
7866 
4986 
8544 
943 
3995 
3771 
1823 
6685 
6724 
2934 
8144 
5375 
8358 
6694 
6246 
9484 
8377 
8828 
7829 
9944 
80 
3431 
2179 
8889 
2193 
3264 
3153 
2354 
6860 
8205 
7739 
9947 
4131 
4582 
5256 
7709 
304 
3622 
2739 
232 
8885 
3248 
2345 
6213 
1537 
710 
9260 
2531 
251 
3833 
7894 
1837 
9057 
2700 
2267 
2858 
2242 
1929 
5117 
403 
7061 
5284 
6704 
976 
7131 
174 
5447 
3701 
8562 
1372 
7308 
1090 
4073 
3383 
972 
4886 
8284 
9830 
1743 
8824 
4781 
1213 
8438 
4628 
7510 
7007 
7425 
8251 
9359 
5480 
8420 
665 
2554 
5276 
9863 
6500 
7341 
6157 
2664 
3174 
6810 
8347 
1724 
725 
236 
3043 
1945 
6967 
2775 
7485 
28 
319 
2043 
1116 
866 
427 
624 
4465 
2990 
503 
7916 
1336 
3725 
9581 
1953 
6937 
4259 
2563 
9210 
4739 
8165 
5149 
7509 
7868 
1974 
7640 
5445 
2937 
8087 
3847 
4942 
516 
3821 
8680 
7132 
6587 
541 
9316 
1352 
440 
3207 
8158 
8086 
3685 
9862 
8283 
2709 
5810 
8399 
2448 
6199 
3823 
5833 
1455 
5575 
2800 
8498 
6274 
5816 
5127 
2357 
3939 
813 
8491 
8545 
3569 
7293 
5656 
9351 
1399 
6884 
1254 
9646 
4456 
308 
8437 
3534 
776 
7261 
6527 
5601 
3792 
3818 
4003 
857 
9231 
8939 
1117 
4190 
8275 
694 
4462 
5438 
162 
3881 
7428 
9942 
5068 
2903 
3408 
9154 
609 
2976 
6233 
3396 
172 
2975 
8613 
1491 
8558 
9113 
6263 
5801 
9307 
5227 
7074 
3330 
6521 
5685 
6773 
6394 
5122 
2776 
4855 
2705 
2970 
7647 
7948 
7954 
2827 
52 
6356 
2381 
4355 
5289 
7779 
9859 
7487 
6533 
4598 
8603 
5087 
9201 
4132 
2561 
7260 
9987 
7536 
4571 
4021 
9835 
8126 
7625 
3965 
9520 
3033 
9620 
7584 
2535 
4708 
2503 
4985 
561 
5231 
736 
9463 
1679 
6258 
8654 
6120 
6866 
1387 
1753 
4329 
6442 
7309 
485 
1569 
856 
933 
444 
5355 
1054 
8793 
127 
1526 
5081 
9903 
1516 
1713 
1429 
2052 
5020 
4527 
4797 
8280 
5148 
975 
1715 
5104 
1833 
1939 
4211 
6661 
2628 
1249 
6733 
8298 
3239 
7348 
2010 
9223 
466 
110 
1675 
6752 
6066 
3304 
8001 
8695 
7255 
7740 
8445 
4644 
7558 
8480 
1330 
593 
9591 
3934 
3428 
7452 
517 
1283 
5442 
7816 
540 
2657 
755 
9080 
822 
2372 
5207 
1921 
2379 
2869 
586 
2016 
4231 
852 
3978 
2104 
6173 
6183 
3589 
3420 
124 
9412 
6833 
621 
1250 
6826 
9553 
8422 
3998 
4707 
9353 
176 
7072 
7426 
6905 
2304 
7329 
8464 
7135 
6619 
1088 
2451 
3755 
6129 
2492 
9993 
7914 
4865 
1101 
5568 
6397 
4676 
1654 
3350 
4613 
9714 
507 
2190 
4667 
9336 
1682 
3842 
1883 
6170 
9001 
5370 
6456 
2745 
7100 
1907 
7238 
4585 
5916 
9308 
6570 
5549 
4397 
93 
5128 
9073 
8443 
6015 
8023 
148 
4622 
2760 
5239 
8627 
639 
5701 
2181 
7476 
9670 
9992 
1151 
180 
9146 
7646 
366 
4471 
6383 
962 
4983 
9075 
4771 
7204 
9540 
2467 
5031 
9135 
4578 
6404 
5846 
9977 
2389 
6532 
6044 
7112 
2736 
2110 
7796 
3908 
3831 
2320 
6523 
6225 
5606 
5364 
4285 
7197 
5151 
4992 
2391 
3748 
3688 
1017 
6895 
9974 
3451 
748 
2953 
9140 
8975 
4205 
8586 
7222 
1291 
3853 
8410 
4827 
2017 
9345 
5538 
5664 
128 
9483 
3209 
6643 
5661 
6012 
2336 
5430 
39 
9277 
1252 
8070 
1005 
4255 
6164 
8286 
4147 
4902 
583 
9890 
9644 
9418 
4022 
4961 
3727 
421 
8796 
7532 
4922 
3410 
5960 
8373 
5308 
2066 
5923 
8146 
4517 
3558 
616 
9379 
5078 
1031 
2822 
1232 
6062 
1645 
4439 
2229 
1514 
4362 
1666 
6350 
1758 
7691 
4063 
6388 
5211 
9740 
4535 
5120 
3450 
5428 
6113 
5322 
3214 
1752 
3668 
9092 
9155 
885 
7705 
1792 
8267 
4244 
8208 
7035 
807 
5265 
3984 
704 
5166 
6408 
841 
6759 
992 
3359 
1143 
9797 
8036 
7142 
4811 
1400 
2716 
9741 
3176 
6617 
6545 
3276 
9093 
2650 
771 
648 
7248 
1207 
5660 
5230 
1340 
4918 
1671 
6197 
1559 
3878 
68 
3560 
1102 
6891 
9256 
4120 
5615 
282 
7496 
2495 
7821 
8462 
3442 
3477 
4013 
5427 
5687 
1943 
6801 
2332 
4657 
6765 
1331 
4677 
5393 
1467 
2802 
8494 
7513 
248 
2168 
8560 
2649 
2475 
4516 
65 
8816 
3526 
8928 
8341 
7325 
4743 
7507 
6779 
5596 
8953 
1247 
5804 
6284 
4095 
333 
6302 
3678 
2615 
2420 
5721 
5267 
5045 
3813 
2380 
6922 
7846 
2925 
6423 
4633 
775 
6426 
2893 
6594 
5682 
8277 
6138 
7897 
5176 
5401 
6377 
9960 
2439 
2750 
6403 
7461 
8790 
9824 
9621 
5972 
8642 
4260 
2565 
8327 
19 
7494 
6445 
336 
1611 
5015 
6547 
6635 
3726 
7478 
8748 
9099 
1170 
64 
3584 
6069 
6473 
4498 
2661 
4852 
1076 
1323 
9715 
2867 
1498 
1597 
3816 
7746 
638 
4744 
8503 
5303 
3309 
5559 
4754 
8935 
1211 
8004 
2651 
5854 
9634 
7392 
3106 
5136 
3604 
1147 
4154 
6245 
882 
6646 
7545 
2881 
7817 
988 
5244 
6297 
5517 
4604 
3744 
7252 
9304 
2065 
5954 
731 
6555 
9791 
2197 
1075 
8198 
2701 
8384 
2212 
4401 
3076 
3763 
4228 
4698 
6224 
8777 
1962 
874 
4353 
5439 
3956 
4213 
9192 
1811 
6101 
2086 
4826 
5388 
195 
5145 
9421 
7933 
4267 
5620 
3340 
6793 
6034 
1636 
4722 
2189 
3022 
3854 
1013 
9216 
9800 
5534 
9583 
5189 
8944 
9132 
9668 
8501 
8683 
6027 
9788 
4442 
4750 
4932 
7242 
5690 
9563 
3364 
7809 
3468 
6797 
4194 
3729 
3445 
6772 
9018 
2552 
9399 
5847 
6236 
791 
4706 
5348 
1307 
2414 
1341 
4479 
5292 
105 
6986 
6659 
693 
9632 
5856 
7247 
8081 
7195 
2487 
9776 
2868 
792 
9789 
1582 
1148 
5621 
1804 
2321 
3933 
2892 
1253 
1930 
6477 
5313 
5901 
7010 
4924 
8984 
2318 
705 
550 
9180 
6234 
6287 
7726 
6486 
353 
2595 
5580 
8746 
3452 
9133 
622 
7003 
1123 
7505 
1131 
1461 
431 
4270 
937 
5093 
9364 
5279 
3280 
5458 
5513 
2767 
3787 
872 
651 
2865 
9321 
132 
4033 
7533 
9207 
2543 
3182 
6004 
3413 
7177 
2452 
7029 
4492 
4026 
192 
4081 
437 
4740 
2111 
1153 
9402 
4135 
1386 
2253 
7349 
3704 
877 
9724 
5039 
3565 
153 
7883 
5440 
8725 
2031 
5138 
2148 
381 
5108 
9911 
2140 
663 
398 
8967 
63 
1027 
7597 
5969 
7187 
2143 
9533 
8568 
9855 
8254 
3494 
2364 
2668 
5670 
9737 
3957 
40 
8510 
7490 
5893 
2001 
4888 
3237 
9383 
4334 
247 
8368 
3484 
5201 
1820 
9450 
4230 
7880 
5197 
7207 
5345 
669 
4028 
766 
1501 
9029 
3331 
6938 
8029 
6997 
2071 
6622 
11 
1810 
881 
4519 
7062 
3034 
7623 
5530 
4141 
9562 
452 
9031 
8689 
2308 
9866 
4742 
4478 
7873 
5084 
41 
3349 
7244 
8352 
5456 
6446 
5193 
3171 
3997 
2715 
4784 
675 
4658 
6187 
5637 
6771 
6104 
8506 
5940 
3806 
9545 
7385 
4575 
6751 
4518 
8291 
6109 
7918 
3124 
5909 
3100 
6978 
2450 
3361 
3478 
4164 
1244 
7908 
6983 
1868 
7645 
9923 
1845 
3798 
7133 
4174 
4113 
5976 
4854 
1379 
9388 
3218 
8715 
7276 
9966 
1705 
9662 
4433 
3292 
1821 
9744 
8724 
4208 
7979 
4759 
6596 
4405 
4850 
8096 
553 
9742 
8820 
1139 
1890 
7877 
5604 
4846 
984 
2514 
6204 
8787 
2251 
6839 
3032 
7742 
7515 
4185 
1417 
4143 
640 
8210 
4452 
5496 
6956 
5512 
679 
1893 
2819 
9055 
2771 
5318 
681 
8266 
4672 
1268 
2843 
5470 
4360 
4166 
3339 
2397 
4757 
6984 
5133 
9283 
8751 
6252 
411 
5598 
2121 
3890 
3970 
4045 
3268 
3669 
3571 
3230 
1596 
8102 
1668 
5150 
1711 
6135 
8297 
6745 
3463 
6504 
3390 
657 
7899 
7215 
1305 
280 
3040 
682 
2493 
9851 
2314 
1520 
7864 
2146 
9417 
6612 
423 
38 
4470 
3812 
4588 
9009 
6344 
3687 
8801 
1208 
7321 
2290 
9398 
1308 
9991 
2722 
7227 
3255 
2498 
8997 
2378 
5344 
5574 
348 
9916 
2060 
3173 
2008 
947 
3186 
4105 
1786 
2358 
5902 
9928 
1536 
4504 
1749 
5713 
8778 
2224 
9564 
6750 
3767 
4845 
3942 
8388 
5374 
4755 
3846 
7574 
3537 
1795 
5258 
8533 
4077 
1420 
4638 
816 
6155 
7790 
688 
470 
825 
819 
4315 
3864 
5886 
4382 
1650 
4416 
649 
2717 
3602 
8643 
8363 
3830 
6119 
8578 
6863 
5114 
3152 
4207 
1851 
7885 
8952 
1019 
81 
6654 
9660 
8013 
986 
8379 
8114 
8385 
7710 
5411 
9007 
4671 
4815 
4786 
5436 
539 
2209 
7567 
9105 
4080 
664 
3690 
1219 
2959 
1351 
4596 
1204 
6422 
522 
2954 
8312 
42 
3719 
4412 
6017 
7950 
2074 
8702 
8206 
9219 
3038 
7780 
1513 
2518 
5056 
8207 
5823 
6285 
1725 
5259 
9212 
4337 
3859 
5206 
3418 
7460 
1277 
4009 
2929 
2030 
2733 
697 
2461 
3335 
460 
102 
8259 
8077 
2500 
3746 
9310 
9455 
2947 
4321 
504 
7017 
5235 
6293 
3067 
4885 
711 
3566 
3179 
9400 
4550 
2194 
5769 
9295 
3472 
134 
3545 
8652 
2969 
9473 
9787 
3095 
2635 
4106 
7557 
3421 
1240 
420 
3189 
9202 
9808 
5982 
9820 
1610 
5129 
2547 
8841 
2045 
3723 
1544 
4310 
3380 
4406 
5487 
8142 
8818 
8317 
3953 
2627 
8050 
6077 
1619 
925 
4679 
2471 
3563 
543 
285 
9685 
4070 
2643 
9188 
5006 
698 
7922 
3635 
5668 
8129 
4331 
7839 
5132 
2698 
9631 
5387 
1600 
510 
3498 
1030 
591 
9032 
215 
6975 
9713 
3469 
9667 
8414 
5357 
569 
7530 
2022 
7935 
3240 
4083 
3374 
5092 
610 
1164 
4835 
8098 
3968 
770 
3178 
1572 
7380 
9498 
3807 
9371 
3430 
5454 
3735 
6036 
3055 
4461 
8978 
8309 
672 
7226 
8610 
5248 
6385 
1532 
7912 
4841 
4733 
5371 
3130 
487 
4341 
4636 
6538 
6526 
1759 
7263 
939 
3898 
981 
8063 
4687 
3896 
5296 
1152 
554 
9770 
9329 
1261 
701 
8006 
6222 
168 
4036 
4533 
5319 
9976 
6177 
1241 
2766 
7342 
7438 
1848 
4953 
7258 
8534 
3959 
3094 
1480 
3962 
1885 
3089 
3547 
4989 
1421 
9237 
5537 
9847 
2687 
1802 
8319 
8169 
8202 
3871 
3783 
7031 
9503 
4887 
6328 
8549 
608 
4309 
4048 
7068 
9806 
6755 
9134 
6807 
6675 
5616 
6867 
1185 
2330 
6031 
474 
5096 
7393 
7117 
9334 
536 
1665 
9291 
5947 
6628 
9164 
3245 
1071 
5112 
224 
9523 
4563 
7186 
8735 
5198 
4229 
5041 
5708 
473 
3360 
7689 
314 
2227 
5822 
7161 
7664 
173 
1045 
5218 
7690 
2684 
9777 
187 
811 
7190 
2921 
6366 
2171 
2702 
3680 
8482 
4293 
8153 
6901 
1784 
2145 
3630 
1098 
85 
6489 
9189 
3064 
6368 
1401 
2038 
2255 
8679 
3610 
3260 
8517 
7813 
5383 
7599 
696 
8766 
9984 
6393 
5777 
5071 
6266 
2789 
2386 
3975 
9385 
66 
4952 
7607 
4305 
9511 
161 
2474 
963 
4984 
3999 
8764 
4646 
6639 
6449 
5966 
2723 
7926 
2848 
8540 
2442 
8981 
6934 
783 
2689 
5610 
1292 
7048 
9008 
8218 
7565 
9065 
1065 
1567 
3474 
4354 
7063 
4186 
7479 
4890 
9867 
7401 
7115 
2097 
3760 
8387 
1975 
2984 
8141 
1957 
160 
7626 
3664 
3656 
9407 
4772 
2011 
3050 
4520 
7543 
2994 
576 
1402 
4473 
7512 
3243 
3005 
3088 
7414 
7768 
8256 
7541 
1944 
4774 
1141 
8951 
5336 
9278 
267 
3718 
1825 
29 
2508 
8058 
7172 
2259 
263 
2147 
4884 
91 
5286 
1079 
6390 
4569 
8947 
7500 
2895 
416 
7152 
4832 
8313 
2369 
6217 
821 
9013 
1342 
6398 
9149 
4877 
2393 
9996 
9626 
9457 
7149 
7820 
99 
2462 
4289 
2962 
9229 
1112 
3102 
3015 
9429 
7943 
8200 
1998 
6331 
8035 
9333 
8386 
2273 
9091 
5035 
8696 
8027 
9 
2007 
8244 
6834 
1478 
6059 
1606 
8776 
4359 
2406 
3751 
3710 
9924 
7919 
9861 
185 
4138 
3814 
6873 
1692 
995 
4278 
4333 
5766 
2483 
2501 
9101 
306 
7627 
1897 
8783 
7051 
6941 
4581 
121 
8644 
2172 
7672 
6317 
2677 
4388 
6965 
6727 
3010 
383 
6795 
3217 
2112 
8916 
2087 
8382 
3057 
9335 
4079 
2842 
4054 
9044 
32 
4008 
1385 
2694 
7000 
8888 
5123 
716 
5180 
1364 
5529 
5124 
2838 
7053 
9439 
4963 
4238 
9747 
1942 
595 
6122 
2617 
9254 
7890 
6543 
8677 
2618 
5499 
865 
6871 
2966 
5760 
1062 
3819 
1405 
6951 
9918 
7581 
36 
5498 
5046 
1052 
4906 
2790 
5599 
9531 
1529 
2880 
2348 
5251 
8101 
757 
2765 
7008 
96 
1381 
1321 
4782 
9823 
8754 
9657 
5282 
7764 
7788 
6697 
2222 
6116 
1843 
2459 
5761 
6145 
568 
7230 
4379 
1190 
5503 
5204 
8941 
3686 
2015 
5140 
7791 
9478 
1776 
6300 
4042 
1812 
380 
8191 
2808 
961 
3439 
4629 
6558 
4639 
2187 
9733 
8905 
2169 
5175 
641 
7732 
5367 
2404 
9687 
2416 
2631 
1395 
249 
396 
2099 
1439 
915 
5247 
703 
9071 
3667 
6844 
9825 
257 
5358 
2301 
2670 
668 
6950 
1179 
1954 
2272 
4882 
5908 
9109 
6605 
3257 
9821 
8651 
2264 
6723 
9467 
515 
2142 
2875 
3464 
9552 
1048 
1114 
7611 
